104 0.827083 0.500000 0.308333 0.241667
355 0.303125 0.588542 0.518750 0.414583
172 0.800000 0.437500 0.312500 0.429167
172 0.330208 0.602083 0.610417 0.550000
172 0.297917 0.757292 0.066667 0.085417
162 0.367708 0.816667 0.114583 0.145833
104 0.812500 0.432292 0.354167 0.414583
104 0.319792 0.597917 0.610417 0.550000
104 0.292708 0.754167 0.072917 0.091667
172 0.514583 0.581250 0.241667 0.220833
355 0.800000 0.437500 0.312500 0.429167
355 0.330208 0.602083 0.610417 0.550000
355 0.297917 0.757292 0.066667 0.085417
104 0.833333 0.492708 0.300000 0.247917
104 0.313542 0.578125 0.522917 0.402083
162 0.369792 0.803125 0.222917 0.143750
172 0.429167 0.579167 0.341667 0.220833
104 0.812500 0.432292 0.354167 0.414583
104 0.319792 0.597917 0.610417 0.550000
104 0.292708 0.754167 0.072917 0.091667
355 0.160417 0.501042 0.166667 0.214583
104 0.812500 0.432292 0.354167 0.414583
104 0.319792 0.597917 0.610417 0.550000
104 0.292708 0.754167 0.072917 0.091667
355 0.170833 0.502083 0.150000 0.187500
162 0.376042 0.828125 0.160417 0.172917
355 0.172917 0.508333 0.175000 0.187500
162 0.382292 0.819792 0.127083 0.110417
172 0.450000 0.531250 0.350000 0.350000
162 0.362500 0.806250 0.191667 0.100000
172 0.417708 0.523958 0.372917 0.335417
