69 0.494792 0.610417 0.772917 0.391667
81 0.385417 0.554167 0.329167 0.179167
69 0.528125 0.621875 0.693750 0.410417
81 0.405208 0.551042 0.339583 0.235417
240 0.496875 0.459375 0.906250 0.777083
240 0.497917 0.382292 0.112500 0.039583
69 0.505208 0.600000 0.710417 0.341667
81 0.440625 0.575000 0.210417 0.158333
240 0.422917 0.607292 0.441667 0.289583
69 0.495833 0.637500 0.762500 0.400000
81 0.400000 0.558333 0.320833 0.175000
240 0.422917 0.619792 0.470833 0.297917
240 0.497917 0.622917 0.620833 0.362500
