340 0.509375 0.535417 0.972917 0.895833
2 0.388542 0.569792 0.435417 0.535417
2 0.735417 0.245833 0.208333 0.125000
89 0.778125 0.495833 0.247917 0.208333
89 0.353125 0.590625 0.206250 0.222917
89 0.709375 0.733333 0.281250 0.175000
89 0.522917 0.322917 0.237500 0.095833
89 0.706250 0.191667 0.070833 0.070833
42 0.422917 0.878125 0.133333 0.093750
42 0.278125 0.419792 0.222917 0.122917
42 0.218750 0.650000 0.104167 0.075000
42 0.538542 0.220833 0.060417 0.075000
42 0.830208 0.318750 0.097917 0.054167
42 0.931250 0.490625 0.079167 0.072917
42 0.729167 0.715625 0.154167 0.106250
