481 0.462500 0.572917 0.550000 0.545833
481 0.445833 0.573958 0.541667 0.493750
481 0.453125 0.550000 0.543750 0.475000
481 0.432292 0.567708 0.560417 0.506250
481 0.448958 0.573958 0.552083 0.531250
481 0.448958 0.578125 0.543750 0.531250
481 0.438542 0.560417 0.522917 0.512500
481 0.441667 0.581250 0.537500 0.525000
481 0.461458 0.570833 0.535417 0.525000
481 0.442708 0.572917 0.527083 0.512500
481 0.439583 0.582292 0.558333 0.502083
481 0.442708 0.572917 0.543750 0.512500
481 0.454167 0.579167 0.566667 0.516667
481 0.441667 0.570833 0.545833 0.525000
481 0.442708 0.567708 0.556250 0.522917
481 0.438542 0.575000 0.560417 0.512500
481 0.439583 0.567708 0.554167 0.502083
481 0.445833 0.575000 0.533333 0.508333
