480 0.536458 0.481250 0.577083 0.529167
480 0.530208 0.487500 0.564583 0.537500
480 0.548958 0.491667 0.597917 0.533333
480 0.544792 0.491667 0.572917 0.545833
480 0.545833 0.483333 0.562500 0.516667
480 0.554167 0.490625 0.583333 0.518750
480 0.545833 0.496875 0.629167 0.560417
480 0.553125 0.483333 0.589583 0.550000
480 0.543750 0.500000 0.550000 0.550000
480 0.547917 0.489583 0.608333 0.520833
480 0.559375 0.489583 0.593750 0.529167
480 0.570833 0.498958 0.550000 0.539583
480 0.534375 0.470833 0.560417 0.525000
480 0.566667 0.486458 0.583333 0.518750
480 0.555208 0.510417 0.602083 0.495833
480 0.526042 0.506250 0.560417 0.529167
480 0.545833 0.525000 0.670833 0.558333
480 0.570833 0.508333 0.625000 0.566667
480 0.571875 0.505208 0.593750 0.518750
480 0.562500 0.475000 0.562500 0.512500
480 0.538542 0.517708 0.672917 0.497917
480 0.579167 0.485417 0.595833 0.529167
480 0.542708 0.477083 0.518750 0.512500
480 0.548958 0.500000 0.552083 0.566667
480 0.508333 0.479167 0.575000 0.525000
