480 0.497917 0.264092 0.345833 0.081420
480 0.497917 0.264092 0.345833 0.081420
480 0.497917 0.264092 0.345833 0.081420
480 0.504167 0.514614 0.462500 0.599165
480 0.500000 0.503132 0.475000 0.576200
480 0.497917 0.264092 0.345833 0.081420
480 0.497917 0.264092 0.345833 0.081420
480 0.497917 0.264092 0.345833 0.081420
480 0.503125 0.524008 0.456250 0.580376
480 0.501042 0.530271 0.472917 0.584551
480 0.492708 0.520877 0.489583 0.578288
480 0.492708 0.530271 0.485417 0.588727
480 0.495833 0.546973 0.450000 0.630480
480 0.498958 0.526096 0.472917 0.588727
480 0.494792 0.524008 0.464583 0.597077
480 0.497917 0.264092 0.345833 0.081420
480 0.497917 0.264092 0.345833 0.081420
480 0.497917 0.264092 0.345833 0.081420
480 0.497917 0.264092 0.345833 0.081420
480 0.497917 0.264092 0.345833 0.081420
480 0.497917 0.264092 0.345833 0.081420
480 0.482292 0.530271 0.460417 0.609603
480 0.497917 0.264092 0.345833 0.081420
480 0.497917 0.264092 0.345833 0.081420
480 0.497917 0.264092 0.345833 0.081420
480 0.497917 0.264092 0.345833 0.081420
480 0.497917 0.264092 0.345833 0.081420
480 0.497917 0.264092 0.345833 0.081420
480 0.497917 0.264092 0.345833 0.081420
480 0.497917 0.264092 0.345833 0.081420
480 0.492708 0.520877 0.481250 0.636743
480 0.497917 0.264092 0.345833 0.081420
480 0.497917 0.264092 0.345833 0.081420
480 0.497917 0.264092 0.345833 0.081420
480 0.497917 0.264092 0.345833 0.081420
480 0.497917 0.264092 0.345833 0.081420
480 0.497917 0.264092 0.345833 0.081420
480 0.497917 0.264092 0.345833 0.081420
480 0.497917 0.264092 0.345833 0.081420
480 0.497917 0.264092 0.345833 0.081420
480 0.497917 0.264092 0.345833 0.081420
480 0.497917 0.264092 0.345833 0.081420
480 0.497917 0.264092 0.345833 0.081420
480 0.497917 0.264092 0.345833 0.081420
480 0.497917 0.264092 0.345833 0.081420
480 0.497917 0.264092 0.345833 0.081420
480 0.497917 0.264092 0.345833 0.081420
480 0.497917 0.264092 0.345833 0.081420
480 0.497917 0.264092 0.345833 0.081420
480 0.497917 0.264092 0.345833 0.081420
480 0.497917 0.264092 0.345833 0.081420
480 0.497917 0.264092 0.345833 0.081420
480 0.497917 0.264092 0.345833 0.081420
480 0.497917 0.264092 0.345833 0.081420
480 0.497917 0.264092 0.345833 0.081420
480 0.497917 0.264092 0.345833 0.081420
480 0.475000 0.542797 0.441667 0.572025
480 0.497917 0.264092 0.345833 0.081420
480 0.497917 0.264092 0.345833 0.081420
480 0.497917 0.264092 0.345833 0.081420
480 0.497917 0.264092 0.345833 0.081420
480 0.497917 0.264092 0.345833 0.081420
480 0.497917 0.264092 0.345833 0.081420
480 0.497917 0.264092 0.345833 0.081420
480 0.497917 0.264092 0.345833 0.081420
480 0.497917 0.264092 0.345833 0.081420
480 0.497917 0.264092 0.345833 0.081420
480 0.497917 0.264092 0.345833 0.081420
480 0.497917 0.264092 0.345833 0.081420
480 0.497917 0.264092 0.345833 0.081420
480 0.497917 0.264092 0.345833 0.081420
480 0.497917 0.264092 0.345833 0.081420
480 0.497917 0.264092 0.345833 0.081420
480 0.497917 0.264092 0.345833 0.081420
480 0.497917 0.264092 0.345833 0.081420
480 0.497917 0.264092 0.345833 0.081420
480 0.490625 0.539666 0.506250 0.603340
480 0.497917 0.264092 0.345833 0.081420
480 0.497917 0.264092 0.345833 0.081420
480 0.497917 0.264092 0.345833 0.081420
480 0.497917 0.264092 0.345833 0.081420
480 0.497917 0.264092 0.345833 0.081420
480 0.498958 0.530271 0.481250 0.609603
480 0.497917 0.264092 0.345833 0.081420
480 0.497917 0.264092 0.345833 0.081420
480 0.497917 0.264092 0.345833 0.081420
480 0.497917 0.264092 0.345833 0.081420
480 0.497917 0.555324 0.466667 0.643006
480 0.485417 0.555324 0.450000 0.613779
480 0.497917 0.264092 0.345833 0.081420
480 0.508333 0.538622 0.487500 0.647182
480 0.497917 0.264092 0.345833 0.081420
480 0.497917 0.264092 0.345833 0.081420
480 0.497917 0.264092 0.345833 0.081420
480 0.497917 0.264092 0.345833 0.081420
480 0.497917 0.264092 0.345833 0.081420
480 0.497917 0.264092 0.345833 0.081420
480 0.497917 0.264092 0.345833 0.081420
480 0.497917 0.264092 0.345833 0.081420
480 0.497917 0.264092 0.345833 0.081420
480 0.497917 0.264092 0.345833 0.081420
480 0.497917 0.264092 0.345833 0.081420
480 0.497917 0.264092 0.345833 0.081420
480 0.497917 0.264092 0.345833 0.081420
480 0.497917 0.264092 0.345833 0.081420
480 0.500000 0.567850 0.462500 0.672234
