480 0.493637 0.793213 0.314952 0.362672
480 0.498940 0.672853 0.259809 0.104984
480 0.493637 0.793213 0.314952 0.362672
480 0.493637 0.793213 0.314952 0.362672
480 0.498940 0.672853 0.259809 0.104984
480 0.498940 0.672853 0.259809 0.104984
480 0.498940 0.672853 0.259809 0.104984
480 0.498940 0.672853 0.259809 0.104984
480 0.493637 0.793213 0.314952 0.362672
480 0.493637 0.793213 0.314952 0.362672
480 0.493637 0.793213 0.314952 0.362672
480 0.493637 0.793213 0.314952 0.362672
480 0.493637 0.793213 0.314952 0.362672
480 0.493637 0.793213 0.314952 0.362672
480 0.493637 0.793213 0.314952 0.362672
480 0.493637 0.793213 0.314952 0.362672
480 0.493637 0.793213 0.314952 0.362672
480 0.493637 0.793213 0.314952 0.362672
480 0.493637 0.793213 0.314952 0.362672
480 0.493637 0.793213 0.314952 0.362672
480 0.493637 0.793213 0.314952 0.362672
480 0.498940 0.672853 0.259809 0.104984
480 0.498940 0.672853 0.259809 0.104984
480 0.493637 0.793213 0.314952 0.362672
480 0.493637 0.793213 0.314952 0.362672
480 0.498940 0.672853 0.259809 0.104984
480 0.498940 0.672853 0.259809 0.104984
480 0.498940 0.672853 0.259809 0.104984
480 0.493637 0.793213 0.314952 0.362672
480 0.493637 0.793213 0.314952 0.362672
480 0.498940 0.672853 0.259809 0.104984
480 0.493637 0.793213 0.314952 0.362672
480 0.493637 0.793213 0.314952 0.362672
