378 0.476948 0.614467 0.534181 0.659777
181 0.468998 0.612083 0.524642 0.664547
378 0.372019 0.433227 0.600954 0.780604
378 0.468998 0.612083 0.527822 0.689984
181 0.453100 0.624006 0.540541 0.640700
378 0.372019 0.433227 0.600954 0.780604
378 0.476153 0.605723 0.612083 0.677266
136 0.486486 0.625596 0.556439 0.717011
378 0.468998 0.620032 0.550079 0.667727
136 0.484102 0.627981 0.545310 0.651828
181 0.480922 0.616057 0.567568 0.685215
378 0.465024 0.611288 0.532591 0.669316
181 0.372019 0.433227 0.600954 0.780604
181 0.475358 0.623211 0.550079 0.667727
181 0.468998 0.602544 0.550079 0.693164
181 0.472178 0.612878 0.550079 0.691574
181 0.472178 0.612878 0.515103 0.666137
