378 0.442589 0.353862 0.484342 0.386221
378 0.442589 0.353862 0.484342 0.386221
136 0.436326 0.342380 0.434238 0.371608
136 0.439457 0.346555 0.473904 0.396660
136 0.439457 0.346555 0.473904 0.396660
279 0.673278 0.757829 0.306889 0.183716
378 0.442589 0.353862 0.484342 0.386221
136 0.464509 0.329854 0.457203 0.346555
136 0.464509 0.340292 0.453027 0.363257
136 0.441545 0.356994 0.436326 0.359081
136 0.420668 0.343424 0.465553 0.369520
136 0.462422 0.400835 0.469729 0.392484
136 0.435282 0.377871 0.478079 0.384134
136 0.441545 0.359081 0.411273 0.396660
136 0.466597 0.375783 0.482255 0.342380
136 0.437370 0.341336 0.494781 0.373695
136 0.440501 0.385177 0.467641 0.411273
136 0.456159 0.379958 0.457203 0.413361
136 0.456159 0.349687 0.486430 0.356994
136 0.424843 0.347599 0.544885 0.432150
136 0.415449 0.377871 0.501044 0.363257
136 0.431106 0.367432 0.461378 0.413361
