136 0.532874 0.458112 0.900318 0.801697
488 0.532874 0.458112 0.900318 0.801697
488 0.532874 0.458112 0.900318 0.801697
488 0.532874 0.458112 0.900318 0.801697
488 0.532874 0.458112 0.900318 0.801697
488 0.532874 0.458112 0.900318 0.801697
488 0.534464 0.463415 0.848356 0.772004
488 0.532874 0.458112 0.900318 0.801697
136 0.532874 0.458112 0.900318 0.801697
136 0.532874 0.458112 0.900318 0.801697
488 0.532874 0.458112 0.900318 0.801697
488 0.532874 0.458112 0.900318 0.801697
136 0.532874 0.458112 0.900318 0.801697
488 0.510604 0.434783 0.940615 0.799576
488 0.532874 0.458112 0.900318 0.801697
488 0.532874 0.458112 0.900318 0.801697
488 0.532874 0.458112 0.900318 0.801697
488 0.509544 0.458112 0.885472 0.757158
488 0.527041 0.436903 0.909862 0.810180
488 0.542418 0.471898 0.874867 0.835631
488 0.532874 0.458112 0.900318 0.801697
488 0.532874 0.458112 0.900318 0.801697
488 0.511135 0.468187 0.937434 0.762460
488 0.514846 0.448038 0.915164 0.832450
488 0.532874 0.458112 0.900318 0.801697
488 0.504242 0.466066 0.919406 0.832450
488 0.530753 0.458112 0.913043 0.782609
488 0.516967 0.458112 0.930011 0.808059
488 0.512195 0.467126 0.939555 0.790032
488 0.507953 0.466066 0.911983 0.792153
