136 0.494770 0.503138 0.692469 0.575314
136 0.489540 0.506276 0.682008 0.589958
181 0.502092 0.498954 0.669456 0.558577
136 0.493724 0.508368 0.719665 0.610879
136 0.471757 0.505230 0.633891 0.650628
136 0.475941 0.516736 0.658996 0.577406
136 0.504184 0.483264 0.719665 0.644351
136 0.491632 0.502092 0.694561 0.539749
136 0.493724 0.449791 0.669456 0.648536
136 0.494770 0.500000 0.654812 0.581590
136 0.483264 0.510460 0.707113 0.573222
136 0.495816 0.511506 0.665272 0.608787
136 0.483264 0.511506 0.652720 0.525105
136 0.481172 0.495816 0.719665 0.589958
136 0.492678 0.512552 0.717573 0.552301
136 0.492678 0.505230 0.734310 0.566946
136 0.493724 0.511506 0.723849 0.571130
136 0.500000 0.515690 0.673640 0.541841
136 0.503138 0.498954 0.692469 0.554393
136 0.459205 0.496862 0.654812 0.579498
136 0.500000 0.526151 0.686192 0.583682
136 0.507322 0.508368 0.755230 0.573222
136 0.531381 0.514644 0.757322 0.527197
136 0.515690 0.505230 0.755230 0.583682
136 0.505230 0.506276 0.746862 0.585774
136 0.468619 0.506276 0.686192 0.619247
136 0.482218 0.507322 0.713389 0.541841
136 0.496862 0.546025 0.705021 0.665272
136 0.508368 0.486402 0.744770 0.583682
136 0.488494 0.495816 0.692469 0.577406
136 0.487448 0.483264 0.673640 0.564854
136 0.490586 0.507322 0.663180 0.596234
136 0.474895 0.493724 0.698745 0.619247
136 0.476987 0.476987 0.656904 0.602510
136 0.514644 0.485356 0.715481 0.610879
136 0.463389 0.476987 0.667364 0.569038
136 0.490586 0.495816 0.679916 0.552301
136 0.521967 0.487448 0.755230 0.589958
136 0.474895 0.501046 0.686192 0.571130
136 0.487448 0.502092 0.794979 0.602510
136 0.498954 0.486402 0.734310 0.600418
136 0.494770 0.497908 0.658996 0.581590
136 0.500000 0.496862 0.715481 0.596234
136 0.491632 0.493724 0.711297 0.585774
136 0.491632 0.493724 0.690377 0.581590
136 0.504184 0.510460 0.715481 0.652720
136 0.509414 0.502092 0.738494 0.573222
136 0.474895 0.518828 0.640167 0.543933
136 0.494770 0.517782 0.717573 0.596234
136 0.521967 0.546025 0.805439 0.640167
136 0.486402 0.521967 0.688285 0.617155
136 0.500000 0.508368 0.761506 0.631799
136 0.480126 0.527197 0.700837 0.556485
136 0.502092 0.500000 0.694561 0.610879
136 0.501046 0.518828 0.679916 0.569038
136 0.464435 0.507322 0.690377 0.617155
136 0.482218 0.502092 0.713389 0.585774
136 0.501046 0.478033 0.679916 0.612971
136 0.497908 0.536611 0.702929 0.658996
136 0.481172 0.507322 0.723849 0.592050
136 0.528243 0.531381 0.738494 0.589958
136 0.467573 0.505230 0.684100 0.571130
136 0.489540 0.502092 0.690377 0.573222
136 0.501046 0.491632 0.725941 0.610879
136 0.474895 0.509414 0.661088 0.583682
136 0.486402 0.506276 0.763598 0.619247
136 0.472803 0.513598 0.644351 0.546025
136 0.476987 0.496862 0.644351 0.554393
136 0.484310 0.492678 0.730126 0.546025
136 0.500000 0.504184 0.694561 0.556485
136 0.485356 0.501046 0.694561 0.608787
136 0.489540 0.505230 0.715481 0.600418
136 0.456067 0.519874 0.702929 0.587866
136 0.497908 0.495816 0.690377 0.598326
136 0.482218 0.517782 0.671548 0.604603
136 0.478033 0.515690 0.730126 0.579498
136 0.471757 0.513598 0.654812 0.571130
136 0.489540 0.500000 0.715481 0.598326
136 0.484310 0.505230 0.692469 0.579498
136 0.475941 0.500000 0.738494 0.615063
136 0.502092 0.507322 0.782427 0.541841
136 0.476987 0.521967 0.707113 0.592050
136 0.502092 0.489540 0.799163 0.635983
136 0.504184 0.551255 0.711297 0.558577
136 0.511506 0.537657 0.696653 0.648536
136 0.463389 0.497908 0.700837 0.631799
136 0.494770 0.517782 0.705021 0.596234
136 0.504184 0.505230 0.719665 0.592050
136 0.512552 0.514644 0.728033 0.615063
136 0.475941 0.490586 0.658996 0.596234
