480 0.441383 0.473623 0.359906 0.604924
480 0.441383 0.473623 0.359906 0.604924
480 0.441383 0.473623 0.359906 0.604924
480 0.441383 0.473623 0.359906 0.604924
480 0.441383 0.473623 0.359906 0.604924
480 0.441383 0.473623 0.359906 0.604924
480 0.441383 0.473623 0.359906 0.604924
480 0.441383 0.473623 0.359906 0.604924
480 0.441383 0.473623 0.359906 0.604924
480 0.441383 0.473623 0.359906 0.604924
480 0.441383 0.473623 0.359906 0.604924
480 0.441383 0.473623 0.359906 0.604924
480 0.441383 0.473623 0.359906 0.604924
480 0.441383 0.473623 0.359906 0.604924
480 0.441383 0.473623 0.359906 0.604924
480 0.441383 0.473623 0.359906 0.604924
480 0.441383 0.473623 0.359906 0.604924
480 0.441383 0.473623 0.359906 0.604924
480 0.441383 0.473623 0.359906 0.604924
480 0.441383 0.473623 0.359906 0.604924
480 0.441383 0.473623 0.359906 0.604924
480 0.441383 0.473623 0.359906 0.604924
480 0.441383 0.473623 0.359906 0.604924
480 0.441383 0.473623 0.359906 0.604924
480 0.440797 0.483001 0.358734 0.637749
480 0.441383 0.473623 0.359906 0.604924
480 0.441383 0.473623 0.359906 0.604924
480 0.441383 0.473623 0.359906 0.604924
480 0.441383 0.473623 0.359906 0.604924
480 0.441383 0.473623 0.359906 0.604924
480 0.441383 0.473623 0.359906 0.604924
480 0.441383 0.473623 0.359906 0.604924
480 0.441383 0.473623 0.359906 0.604924
480 0.441383 0.473623 0.359906 0.604924
480 0.441383 0.473623 0.359906 0.604924
480 0.441383 0.473623 0.359906 0.604924
480 0.441383 0.473623 0.359906 0.604924
480 0.441383 0.473623 0.359906 0.604924
480 0.441383 0.473623 0.359906 0.604924
480 0.441383 0.473623 0.359906 0.604924
480 0.441383 0.473623 0.359906 0.604924
480 0.441383 0.473623 0.359906 0.604924
480 0.441383 0.473623 0.359906 0.604924
480 0.441383 0.473623 0.359906 0.604924
480 0.441383 0.473623 0.359906 0.604924
480 0.441383 0.473623 0.359906 0.604924
480 0.441383 0.473623 0.359906 0.604924
480 0.441383 0.473623 0.359906 0.604924
480 0.441383 0.473623 0.359906 0.604924
480 0.441383 0.473623 0.359906 0.604924
480 0.441383 0.473623 0.359906 0.604924
480 0.441383 0.473623 0.359906 0.604924
480 0.441383 0.473623 0.359906 0.604924
480 0.441383 0.473623 0.359906 0.604924
480 0.441383 0.473623 0.359906 0.604924
480 0.441383 0.473623 0.359906 0.604924
480 0.441383 0.473623 0.359906 0.604924
480 0.441383 0.473623 0.359906 0.604924
480 0.441383 0.473623 0.359906 0.604924
480 0.441383 0.473623 0.359906 0.604924
480 0.441383 0.473623 0.359906 0.604924
480 0.441383 0.473623 0.359906 0.604924
480 0.441383 0.473623 0.359906 0.604924
480 0.441383 0.473623 0.359906 0.604924
480 0.441383 0.473623 0.359906 0.604924
480 0.441383 0.473623 0.359906 0.604924
480 0.441383 0.473623 0.359906 0.604924
480 0.441383 0.473623 0.359906 0.604924
480 0.441383 0.473623 0.359906 0.604924
480 0.441383 0.473623 0.359906 0.604924
480 0.441383 0.473623 0.359906 0.604924
480 0.441383 0.473623 0.359906 0.604924
480 0.441383 0.473623 0.359906 0.604924
480 0.441383 0.473623 0.359906 0.604924
480 0.441383 0.473623 0.359906 0.604924
480 0.441383 0.473623 0.359906 0.604924
480 0.441383 0.473623 0.359906 0.604924
480 0.441383 0.473623 0.359906 0.604924
480 0.441383 0.473623 0.359906 0.604924
480 0.441383 0.473623 0.359906 0.604924
