480 0.488313 0.530488 0.438008 0.412602
480 0.504573 0.513211 0.454268 0.453252
480 0.494411 0.518293 0.454268 0.453252
480 0.502033 0.507114 0.485772 0.410569
480 0.515752 0.515752 0.450203 0.421748
480 0.503557 0.505589 0.460366 0.462398
480 0.498476 0.515752 0.450203 0.458333
480 0.512195 0.496951 0.457317 0.420732
480 0.521850 0.506098 0.462398 0.422764
480 0.470528 0.492886 0.475610 0.402439
480 0.513211 0.499492 0.445122 0.444106
480 0.479675 0.495935 0.457317 0.447154
480 0.475610 0.499492 0.544715 0.474593
480 0.512195 0.532012 0.477642 0.429878
480 0.520833 0.514736 0.464431 0.470528
480 0.496951 0.493394 0.497967 0.462398
480 0.506606 0.518293 0.482724 0.416667
480 0.499492 0.499492 0.417683 0.460366
480 0.491870 0.512195 0.426829 0.479675
480 0.526931 0.517276 0.496951 0.479675
480 0.505589 0.500508 0.480691 0.442073
480 0.510671 0.512195 0.429878 0.475610
480 0.485772 0.499492 0.465447 0.484756
480 0.494411 0.507114 0.486789 0.514228
480 0.500508 0.469512 0.454268 0.455285
480 0.505081 0.526931 0.445122 0.454268
480 0.508130 0.515752 0.459350 0.448171
480 0.500508 0.492886 0.438008 0.467480
480 0.522358 0.513211 0.424797 0.467480
480 0.479675 0.494411 0.479675 0.484756
480 0.508130 0.510671 0.436992 0.452236
480 0.524898 0.544715 0.364837 0.400407
480 0.505589 0.535569 0.472561 0.497967
480 0.487297 0.507114 0.450203 0.489837
480 0.493394 0.514736 0.505081 0.580285
