480 0.546660 0.503181 0.452810 0.577943
480 0.554613 0.505832 0.447508 0.587487
480 0.555673 0.392365 0.432662 0.267232
480 0.560976 0.504242 0.460233 0.565217
480 0.555673 0.392365 0.432662 0.267232
480 0.555673 0.392365 0.432662 0.267232
480 0.555673 0.392365 0.432662 0.267232
480 0.555673 0.392365 0.432662 0.267232
480 0.555673 0.392365 0.432662 0.267232
480 0.555673 0.392365 0.432662 0.267232
480 0.528102 0.516967 0.447508 0.590668
480 0.555673 0.392365 0.432662 0.267232
480 0.555673 0.392365 0.432662 0.267232
480 0.555673 0.392365 0.432662 0.267232
480 0.555673 0.392365 0.432662 0.267232
480 0.555673 0.392365 0.432662 0.267232
480 0.555673 0.392365 0.432662 0.267232
480 0.555673 0.392365 0.432662 0.267232
480 0.555673 0.392365 0.432662 0.267232
480 0.555673 0.392365 0.432662 0.267232
480 0.555673 0.392365 0.432662 0.267232
480 0.555673 0.392365 0.432662 0.267232
480 0.555673 0.392365 0.432662 0.267232
480 0.555673 0.392365 0.432662 0.267232
480 0.555673 0.392365 0.432662 0.267232
480 0.523330 0.536585 0.416755 0.629905
480 0.555673 0.392365 0.432662 0.267232
480 0.555673 0.392365 0.432662 0.267232
480 0.555673 0.392365 0.432662 0.267232
480 0.555673 0.392365 0.432662 0.267232
480 0.555673 0.392365 0.432662 0.267232
480 0.555673 0.392365 0.432662 0.267232
480 0.555673 0.392365 0.432662 0.267232
480 0.555673 0.392365 0.432662 0.267232
480 0.555673 0.392365 0.432662 0.267232
480 0.522800 0.526511 0.460233 0.599152
