480 0.490303 0.496970 0.561212 0.766061
480 0.490303 0.496970 0.561212 0.766061
480 0.490303 0.496970 0.561212 0.766061
480 0.490303 0.496970 0.561212 0.766061
480 0.490303 0.496970 0.561212 0.766061
480 0.490303 0.496970 0.561212 0.766061
480 0.490303 0.496970 0.561212 0.766061
480 0.490303 0.496970 0.561212 0.766061
480 0.490303 0.496970 0.561212 0.766061
480 0.490303 0.496970 0.561212 0.766061
480 0.490303 0.496970 0.561212 0.766061
480 0.490303 0.496970 0.561212 0.766061
480 0.490303 0.496970 0.561212 0.766061
480 0.490303 0.496970 0.561212 0.766061
480 0.490303 0.496970 0.561212 0.766061
480 0.490303 0.496970 0.561212 0.766061
