480 0.521837 0.630045 0.403135 0.475336
480 0.514558 0.547085 0.442329 0.609865
480 0.533595 0.559417 0.440090 0.600897
480 0.523516 0.543161 0.415454 0.628924
480 0.517917 0.534753 0.419933 0.621076
480 0.514558 0.540919 0.393057 0.608744
480 0.519597 0.540919 0.423292 0.653587
480 0.512318 0.548206 0.442329 0.643498
480 0.529115 0.549327 0.442329 0.625561
480 0.499440 0.551009 0.407615 0.610987
480 0.511758 0.551009 0.391937 0.615471
480 0.507279 0.545964 0.412094 0.618834
480 0.508959 0.543161 0.397536 0.613229
480 0.539194 0.547085 0.466965 0.600897
480 0.501680 0.550448 0.407615 0.627803
480 0.501120 0.547085 0.375140 0.609865
480 0.514558 0.542040 0.417693 0.595291
480 0.496641 0.557175 0.413214 0.576233
480 0.510638 0.548206 0.425532 0.607623
480 0.511758 0.540919 0.423292 0.628924
480 0.520717 0.558296 0.425532 0.652466
480 0.513998 0.536996 0.432251 0.600897
480 0.511758 0.542040 0.416573 0.664798
480 0.493281 0.551009 0.419933 0.653587
480 0.508959 0.542040 0.417693 0.640135
480 0.517917 0.544283 0.419933 0.635650
480 0.505599 0.558296 0.419933 0.627803
480 0.499440 0.561659 0.492721 0.625561
480 0.510638 0.579596 0.425532 0.641256
480 0.500560 0.547085 0.409854 0.616592
480 0.498320 0.548206 0.405375 0.567265
480 0.498320 0.530830 0.425532 0.682735
480 0.503359 0.536996 0.424412 0.674888
480 0.507279 0.552130 0.447928 0.635650
480 0.511198 0.536996 0.419933 0.596413
480 0.496641 0.573430 0.397536 0.678251
480 0.529115 0.540919 0.446809 0.693946
480 0.492721 0.550448 0.450168 0.728700
480 0.484323 0.544283 0.433371 0.590807
480 0.521837 0.554933 0.427772 0.645740
480 0.525756 0.557175 0.404255 0.630045
480 0.530235 0.549327 0.440090 0.650224
480 0.520717 0.557175 0.425532 0.625561
480 0.513438 0.548767 0.419933 0.613229
480 0.502800 0.551570 0.430011 0.625561
480 0.516797 0.554372 0.413214 0.615471
