285 0.492966 0.494725 0.861665 0.881594
176 0.301876 0.566823 0.158265 0.280188
176 0.739742 0.599062 0.302462 0.339977
103 0.638335 0.637163 0.559203 0.465416
159 0.324736 0.349355 0.147714 0.180539
159 0.745604 0.162954 0.159437 0.161782
287 0.449590 0.538101 0.706917 0.703400
197 0.511723 0.502931 0.803048 0.783118
285 0.492966 0.494725 0.861665 0.881594
176 0.327667 0.558617 0.169988 0.242673
176 0.773154 0.614302 0.275498 0.379836
159 0.350528 0.355803 0.110199 0.162954
159 0.725674 0.154162 0.140680 0.099648
287 0.439039 0.492380 0.627198 0.715123
197 0.511723 0.529894 0.697538 0.640094
103 0.492380 0.571512 0.192263 0.320047
103 0.817702 0.660610 0.284877 0.493552
