493 0.451983 0.519833 0.382046 0.346555
493 0.450939 0.510438 0.359081 0.331942
493 0.457203 0.495825 0.346555 0.286013
493 0.417537 0.623173 0.012526 0.006263
493 0.398747 0.623173 0.012526 0.002088
493 0.457203 0.495825 0.346555 0.286013
493 0.417537 0.623173 0.012526 0.006263
493 0.398747 0.623173 0.012526 0.002088
493 0.457203 0.495825 0.346555 0.286013
493 0.417537 0.623173 0.012526 0.006263
493 0.398747 0.623173 0.012526 0.002088
493 0.457203 0.495825 0.346555 0.286013
493 0.417537 0.623173 0.012526 0.006263
493 0.398747 0.623173 0.012526 0.002088
493 0.457203 0.495825 0.346555 0.286013
493 0.417537 0.623173 0.012526 0.006263
493 0.398747 0.623173 0.012526 0.002088
