480 0.563674 0.498956 0.300626 0.931106
480 0.563674 0.498956 0.300626 0.931106
480 0.563674 0.498956 0.300626 0.931106
480 0.563674 0.498956 0.300626 0.931106
480 0.563674 0.498956 0.300626 0.931106
480 0.563674 0.498956 0.300626 0.931106
480 0.563674 0.498956 0.300626 0.931106
480 0.563674 0.498956 0.300626 0.931106
480 0.563674 0.498956 0.300626 0.931106
480 0.563674 0.498956 0.300626 0.931106
480 0.563674 0.498956 0.300626 0.931106
480 0.563674 0.498956 0.300626 0.931106
480 0.572025 0.525052 0.300626 0.933194
480 0.567850 0.502088 0.329854 0.958246
