276 0.577244 0.388309 0.160752 0.204593
162 0.555324 0.604384 0.242171 0.189979
162 0.450939 0.605428 0.004175 0.008351
69 0.843424 0.588727 0.296451 0.488518
276 0.577244 0.388309 0.160752 0.204593
388 0.205637 0.528184 0.315240 0.488518
162 0.555324 0.604384 0.242171 0.189979
162 0.450939 0.605428 0.004175 0.008351
69 0.843424 0.588727 0.296451 0.488518
388 0.292276 0.684760 0.121086 0.167015
388 0.103340 0.596033 0.139875 0.127349
388 0.133612 0.432150 0.133612 0.141962
388 0.265136 0.354906 0.104384 0.116910
