480 0.448331 0.330684 0.305246 0.165342
480 0.448331 0.330684 0.305246 0.165342
480 0.448331 0.330684 0.305246 0.165342
480 0.448331 0.330684 0.305246 0.165342
480 0.463434 0.551669 0.484897 0.610493
480 0.446741 0.509539 0.483307 0.659777
480 0.478537 0.560413 0.515103 0.691574
480 0.448331 0.330684 0.305246 0.165342
480 0.432432 0.543720 0.454690 0.689984
480 0.441971 0.548490 0.483307 0.642289
480 0.448331 0.330684 0.305246 0.165342
480 0.448331 0.330684 0.305246 0.165342
480 0.448331 0.330684 0.305246 0.165342
480 0.448331 0.330684 0.305246 0.165342
480 0.448331 0.330684 0.305246 0.165342
480 0.431638 0.534181 0.484897 0.604134
480 0.427663 0.531797 0.457870 0.631161
480 0.437997 0.505564 0.468998 0.597774
