480 0.464475 0.539236 0.492047 0.469777
480 0.483033 0.553552 0.524920 0.462354
480 0.478261 0.580594 0.589608 0.522800
480 0.502121 0.600742 0.412513 0.312831
480 0.479321 0.567338 0.572641 0.489926
480 0.489396 0.573171 0.541888 0.533404
480 0.490986 0.562036 0.559915 0.530223
480 0.481972 0.613468 0.507953 0.582185
480 0.489396 0.582185 0.607635 0.534464
480 0.455992 0.607105 0.559915 0.569459
480 0.515907 0.590668 0.650053 0.576882
480 0.498940 0.551962 0.512195 0.535525
480 0.479321 0.573171 0.532344 0.567338
480 0.530753 0.630965 0.650053 0.587487
480 0.506363 0.563627 0.637328 0.637328
480 0.478261 0.506893 0.568399 0.629905
480 0.504772 0.554083 0.545069 0.495228
480 0.487275 0.564687 0.510074 0.510074
480 0.467126 0.547190 0.635207 0.545069
480 0.495758 0.581124 0.539767 0.502651
480 0.465536 0.529692 0.559915 0.550371
480 0.531813 0.573171 0.622481 0.548250
480 0.465536 0.605514 0.674443 0.517497
480 0.469247 0.550901 0.571580 0.482503
480 0.484624 0.564157 0.515376 0.504772
480 0.478261 0.554083 0.513256 0.495228
480 0.499470 0.565748 0.555673 0.527041
480 0.494698 0.540827 0.510074 0.517497
480 0.493637 0.534464 0.537646 0.540827
480 0.478261 0.550901 0.587487 0.471898
480 0.494698 0.558324 0.539767 0.457052
480 0.488335 0.572110 0.527041 0.480382
480 0.505832 0.570520 0.517497 0.472959
480 0.483033 0.558324 0.522800 0.457052
480 0.496819 0.555673 0.535525 0.536585
480 0.480382 0.550901 0.532344 0.507953
480 0.437434 0.599682 0.440085 0.440085
480 0.518028 0.555673 0.563097 0.536585
480 0.486744 0.556734 0.530223 0.504772
480 0.477200 0.551962 0.572641 0.554613
