480 0.488871 0.277424 0.478537 0.220986
480 0.489666 0.470588 0.597774 0.651828
480 0.478537 0.467409 0.585056 0.667727
480 0.488871 0.277424 0.478537 0.220986
480 0.495231 0.454690 0.640700 0.699523
480 0.485692 0.494436 0.602544 0.709062
480 0.491256 0.441176 0.610493 0.694754
480 0.490461 0.468203 0.561208 0.688394
480 0.484102 0.468998 0.605723 0.629571
480 0.492051 0.482512 0.589825 0.682035
480 0.498410 0.488076 0.593005 0.661367
480 0.485692 0.472178 0.602544 0.680445
480 0.509539 0.455485 0.599364 0.682035
480 0.496820 0.462639 0.615262 0.667727
480 0.501590 0.466614 0.608903 0.643879
