481 0.454690 0.525437 0.422893 0.526232
481 0.454690 0.525437 0.422893 0.526232
481 0.454690 0.525437 0.422893 0.526232
481 0.454690 0.525437 0.422893 0.526232
481 0.454690 0.525437 0.422893 0.526232
481 0.454690 0.525437 0.422893 0.526232
481 0.454690 0.525437 0.422893 0.526232
481 0.454690 0.525437 0.422893 0.526232
481 0.454690 0.525437 0.422893 0.526232
481 0.454690 0.525437 0.422893 0.526232
481 0.454690 0.525437 0.422893 0.526232
481 0.454690 0.525437 0.422893 0.526232
481 0.454690 0.525437 0.422893 0.526232
481 0.454690 0.525437 0.422893 0.526232
481 0.450715 0.626391 0.519873 0.540541
481 0.469793 0.610493 0.459459 0.553259
481 0.443561 0.620827 0.432432 0.593005
481 0.454690 0.525437 0.422893 0.526232
480 0.454690 0.525437 0.422893 0.526232
480 0.454690 0.525437 0.422893 0.526232
481 0.451510 0.629571 0.429253 0.585056
481 0.450715 0.623211 0.402226 0.556439
481 0.442766 0.603339 0.411765 0.542130
481 0.449126 0.626391 0.414944 0.585056
481 0.461844 0.612878 0.379968 0.561208
481 0.442766 0.623211 0.443561 0.581876
481 0.454690 0.525437 0.422893 0.526232
481 0.453100 0.596184 0.483307 0.594595
480 0.454690 0.525437 0.422893 0.526232
480 0.454690 0.525437 0.422893 0.526232
481 0.454690 0.525437 0.422893 0.526232
481 0.454690 0.525437 0.422893 0.526232
481 0.454690 0.525437 0.422893 0.526232
481 0.457870 0.615262 0.467409 0.591415
481 0.454690 0.525437 0.422893 0.526232
481 0.440382 0.637520 0.416534 0.616852
481 0.466614 0.616852 0.414944 0.550079
481 0.454690 0.525437 0.422893 0.526232
481 0.454690 0.525437 0.422893 0.526232
480 0.454690 0.525437 0.422893 0.526232
480 0.454690 0.525437 0.422893 0.526232
481 0.449126 0.579491 0.411765 0.500795
481 0.451510 0.600159 0.416534 0.548490
481 0.462639 0.646264 0.454690 0.554849
480 0.454690 0.525437 0.422893 0.526232
480 0.454690 0.525437 0.422893 0.526232
480 0.454690 0.525437 0.422893 0.526232
480 0.454690 0.525437 0.422893 0.526232
480 0.454690 0.525437 0.422893 0.526232
480 0.454690 0.525437 0.422893 0.526232
480 0.454690 0.525437 0.422893 0.526232
480 0.454690 0.525437 0.422893 0.526232
480 0.454690 0.525437 0.422893 0.526232
480 0.454690 0.525437 0.422893 0.526232
480 0.454690 0.525437 0.422893 0.526232
480 0.454690 0.525437 0.422893 0.526232
480 0.454690 0.525437 0.422893 0.526232
480 0.454690 0.525437 0.422893 0.526232
480 0.454690 0.525437 0.422893 0.526232
480 0.454690 0.525437 0.422893 0.526232
480 0.454690 0.525437 0.422893 0.526232
480 0.454690 0.525437 0.422893 0.526232
480 0.454690 0.525437 0.422893 0.526232
480 0.454690 0.525437 0.422893 0.526232
