480 0.613468 0.491516 0.664899 0.690350
480 0.613468 0.491516 0.664899 0.690350
480 0.613468 0.491516 0.664899 0.690350
480 0.613468 0.491516 0.664899 0.690350
480 0.613468 0.491516 0.664899 0.690350
480 0.613468 0.491516 0.664899 0.690350
480 0.613468 0.491516 0.664899 0.690350
480 0.613468 0.491516 0.664899 0.690350
480 0.613468 0.491516 0.664899 0.690350
480 0.613468 0.491516 0.664899 0.690350
480 0.613468 0.491516 0.664899 0.690350
480 0.613468 0.491516 0.664899 0.690350
480 0.613468 0.491516 0.664899 0.690350
480 0.613468 0.491516 0.664899 0.690350
480 0.613468 0.491516 0.664899 0.690350
