136 0.419022 0.645267 0.429348 0.391730
136 0.417935 0.649619 0.425000 0.402612
136 0.417935 0.649619 0.425000 0.402612
136 0.417935 0.649619 0.425000 0.402612
136 0.417935 0.649619 0.425000 0.402612
136 0.382065 0.624592 0.440217 0.411317
136 0.391848 0.680631 0.379348 0.408052
136 0.417935 0.649619 0.425000 0.402612
136 0.417935 0.649619 0.425000 0.402612
136 0.424457 0.609358 0.427174 0.365615
136 0.417935 0.649619 0.425000 0.402612
136 0.389674 0.625680 0.394565 0.337323
136 0.417935 0.649619 0.425000 0.402612
136 0.417935 0.649619 0.425000 0.402612
136 0.417935 0.649619 0.425000 0.402612
136 0.417935 0.649619 0.425000 0.402612
136 0.417935 0.649619 0.425000 0.402612
136 0.403261 0.669206 0.371739 0.450490
136 0.414674 0.636017 0.390217 0.408052
136 0.414674 0.648531 0.440217 0.402612
136 0.402174 0.643634 0.345652 0.362350
136 0.417935 0.649619 0.425000 0.402612
136 0.413043 0.625680 0.419565 0.417845
136 0.402174 0.640914 0.365217 0.417845
136 0.417935 0.649619 0.425000 0.402612
