451 0.456067 0.297071 0.338912 0.138075
451 0.419456 0.283473 0.336820 0.089958
451 0.419456 0.283473 0.336820 0.089958
451 0.419456 0.283473 0.336820 0.089958
451 0.419456 0.283473 0.336820 0.089958
451 0.419456 0.283473 0.336820 0.089958
451 0.419456 0.283473 0.336820 0.089958
451 0.419456 0.283473 0.336820 0.089958
451 0.419456 0.283473 0.336820 0.089958
451 0.419456 0.283473 0.336820 0.089958
451 0.419456 0.283473 0.336820 0.089958
451 0.419456 0.283473 0.336820 0.089958
451 0.419456 0.283473 0.336820 0.089958
451 0.419456 0.283473 0.336820 0.089958
451 0.419456 0.283473 0.336820 0.089958
451 0.419456 0.283473 0.336820 0.089958
233 0.419456 0.283473 0.336820 0.089958
451 0.433054 0.300209 0.364017 0.119247
451 0.433054 0.507322 0.464435 0.558577
451 0.419456 0.283473 0.336820 0.089958
233 0.419456 0.283473 0.336820 0.089958
233 0.419456 0.283473 0.336820 0.089958
233 0.419456 0.283473 0.336820 0.089958
451 0.419456 0.283473 0.336820 0.089958
451 0.419456 0.283473 0.336820 0.089958
