480 0.478537 0.330684 0.604134 0.372019
480 0.481717 0.325119 0.607313 0.392687
480 0.481717 0.325119 0.607313 0.392687
480 0.481717 0.325119 0.607313 0.392687
480 0.481717 0.325119 0.607313 0.392687
480 0.481717 0.325119 0.607313 0.392687
480 0.481717 0.325119 0.607313 0.392687
480 0.481717 0.325119 0.607313 0.392687
480 0.481717 0.325119 0.607313 0.392687
480 0.481717 0.325119 0.607313 0.392687
480 0.481717 0.325119 0.607313 0.392687
480 0.481717 0.325119 0.607313 0.392687
480 0.481717 0.325119 0.607313 0.392687
480 0.481717 0.325119 0.607313 0.392687
480 0.481717 0.325119 0.607313 0.392687
480 0.481717 0.325119 0.607313 0.392687
480 0.481717 0.325119 0.607313 0.392687
480 0.481717 0.325119 0.607313 0.392687
480 0.481717 0.325119 0.607313 0.392687
480 0.481717 0.325119 0.607313 0.392687
480 0.481717 0.325119 0.607313 0.392687
480 0.481717 0.325119 0.607313 0.392687
480 0.481717 0.325119 0.607313 0.392687
480 0.481717 0.325119 0.607313 0.392687
480 0.481717 0.325119 0.607313 0.392687
480 0.481717 0.325119 0.607313 0.392687
480 0.481717 0.325119 0.607313 0.392687
480 0.481717 0.325119 0.607313 0.392687
480 0.481717 0.325119 0.607313 0.392687
480 0.481717 0.325119 0.607313 0.392687
480 0.481717 0.325119 0.607313 0.392687
480 0.481717 0.325119 0.607313 0.392687
480 0.481717 0.325119 0.607313 0.392687
480 0.481717 0.325119 0.607313 0.392687
480 0.481717 0.325119 0.607313 0.392687
480 0.481717 0.325119 0.607313 0.392687
480 0.481717 0.325119 0.607313 0.392687
480 0.481717 0.325119 0.607313 0.392687
480 0.481717 0.325119 0.607313 0.392687
480 0.481717 0.325119 0.607313 0.392687
480 0.481717 0.325119 0.607313 0.392687
480 0.481717 0.325119 0.607313 0.392687
480 0.481717 0.325119 0.607313 0.392687
480 0.481717 0.325119 0.607313 0.392687
480 0.481717 0.325119 0.607313 0.392687
480 0.481717 0.325119 0.607313 0.392687
480 0.481717 0.325119 0.607313 0.392687
480 0.481717 0.325119 0.607313 0.392687
480 0.481717 0.325119 0.607313 0.392687
480 0.481717 0.325119 0.607313 0.392687
480 0.481717 0.325119 0.607313 0.392687
480 0.481717 0.325119 0.607313 0.392687
480 0.481717 0.325119 0.607313 0.392687
480 0.481717 0.325119 0.607313 0.392687
480 0.481717 0.325119 0.607313 0.392687
480 0.481717 0.325119 0.607313 0.392687
480 0.481717 0.325119 0.607313 0.392687
480 0.481717 0.325119 0.607313 0.392687
480 0.481717 0.325119 0.607313 0.392687
480 0.481717 0.325119 0.607313 0.392687
480 0.481717 0.325119 0.607313 0.392687
480 0.481717 0.325119 0.607313 0.392687
480 0.481717 0.325119 0.607313 0.392687
480 0.481717 0.325119 0.607313 0.392687
480 0.481717 0.325119 0.607313 0.392687
480 0.481717 0.325119 0.607313 0.392687
480 0.481717 0.325119 0.607313 0.392687
480 0.481717 0.325119 0.607313 0.392687
480 0.481717 0.325119 0.607313 0.392687
480 0.481717 0.325119 0.607313 0.392687
480 0.481717 0.325119 0.607313 0.392687
480 0.481717 0.325119 0.607313 0.392687
480 0.481717 0.325119 0.607313 0.392687
480 0.481717 0.325119 0.607313 0.392687
480 0.481717 0.325119 0.607313 0.392687
480 0.481717 0.325119 0.607313 0.392687
480 0.481717 0.325119 0.607313 0.392687
480 0.481717 0.325119 0.607313 0.392687
480 0.481717 0.325119 0.607313 0.392687
480 0.481717 0.325119 0.607313 0.392687
480 0.481717 0.325119 0.607313 0.392687
480 0.481717 0.325119 0.607313 0.392687
480 0.481717 0.325119 0.607313 0.392687
480 0.481717 0.325119 0.607313 0.392687
480 0.481717 0.325119 0.607313 0.392687
480 0.481717 0.325119 0.607313 0.392687
480 0.481717 0.325119 0.607313 0.392687
480 0.481717 0.325119 0.607313 0.392687
480 0.481717 0.325119 0.607313 0.392687
480 0.481717 0.325119 0.607313 0.392687
480 0.481717 0.325119 0.607313 0.392687
480 0.481717 0.325119 0.607313 0.392687
480 0.481717 0.325119 0.607313 0.392687
480 0.481717 0.325119 0.607313 0.392687
480 0.501590 0.538156 0.535771 0.672496
480 0.481717 0.325119 0.607313 0.392687
480 0.481717 0.325119 0.607313 0.392687
480 0.481717 0.325119 0.607313 0.392687
480 0.481717 0.325119 0.607313 0.392687
480 0.499205 0.513514 0.651828 0.629571
480 0.466614 0.463434 0.586645 0.774245
480 0.462639 0.488871 0.600954 0.624801
480 0.482512 0.527822 0.631161 0.686804
480 0.484102 0.492846 0.593005 0.651828
480 0.496025 0.484897 0.651828 0.658188
