175 0.343096 0.289749 0.506276 0.466527
137 0.359833 0.718619 0.364017 0.307531
197 0.339958 0.718619 0.341004 0.248954
29 0.377615 0.468619 0.474895 0.309623
236 0.600418 0.676778 0.175732 0.294979
395 0.382845 0.483264 0.364017 0.213389
142 0.365063 0.462343 0.269874 0.121339
142 0.364017 0.478033 0.158996 0.161088
395 0.368201 0.480126 0.401674 0.265690
236 0.578452 0.668410 0.169456 0.274059
29 0.381799 0.469665 0.474895 0.294979
137 0.353556 0.724895 0.359833 0.357741
175 0.354603 0.250000 0.483264 0.458159
