136 0.525052 0.372651 0.465553 0.286013
136 0.525052 0.372651 0.465553 0.286013
136 0.525052 0.372651 0.465553 0.286013
136 0.525052 0.372651 0.465553 0.286013
136 0.525052 0.372651 0.465553 0.286013
136 0.525052 0.372651 0.465553 0.286013
136 0.525052 0.372651 0.465553 0.286013
136 0.525052 0.372651 0.465553 0.286013
136 0.525052 0.372651 0.465553 0.286013
136 0.525052 0.372651 0.465553 0.286013
136 0.525052 0.372651 0.465553 0.286013
136 0.525052 0.372651 0.465553 0.286013
136 0.525052 0.372651 0.465553 0.286013
136 0.525052 0.372651 0.465553 0.286013
136 0.525052 0.372651 0.465553 0.286013
136 0.525052 0.372651 0.465553 0.286013
136 0.525052 0.372651 0.465553 0.286013
136 0.525052 0.372651 0.465553 0.286013
136 0.525052 0.372651 0.465553 0.286013
136 0.525052 0.372651 0.465553 0.286013
136 0.525052 0.372651 0.465553 0.286013
136 0.525052 0.372651 0.465553 0.286013
136 0.525052 0.372651 0.465553 0.286013
136 0.525052 0.372651 0.465553 0.286013
136 0.525052 0.372651 0.465553 0.286013
136 0.525052 0.372651 0.465553 0.286013
136 0.525052 0.372651 0.465553 0.286013
136 0.525052 0.372651 0.465553 0.286013
136 0.525052 0.372651 0.465553 0.286013
136 0.525052 0.372651 0.465553 0.286013
136 0.525052 0.372651 0.465553 0.286013
136 0.525052 0.372651 0.465553 0.286013
136 0.525052 0.372651 0.465553 0.286013
136 0.525052 0.372651 0.465553 0.286013
136 0.525052 0.372651 0.465553 0.286013
