480 0.529616 0.648591 0.520016 0.407475
480 0.506536 0.632353 0.513072 0.384804
480 0.496528 0.642310 0.526552 0.445159
480 0.481413 0.636029 0.520016 0.382353
480 0.499796 0.643536 0.510212 0.427390
480 0.513276 0.648591 0.516748 0.432598
480 0.484886 0.654871 0.540033 0.429841
480 0.499796 0.638634 0.476716 0.422488
480 0.493056 0.637408 0.540033 0.429841
480 0.501634 0.634804 0.496732 0.400123
480 0.491422 0.626072 0.586601 0.452512
480 0.498162 0.641238 0.493056 0.407475
480 0.488154 0.666054 0.486928 0.412377
480 0.503064 0.648591 0.470180 0.427696
480 0.484886 0.633578 0.540033 0.442402
480 0.516340 0.652420 0.536765 0.415135
480 0.553309 0.653493 0.603350 0.467525
480 0.508170 0.643689 0.566993 0.442402
480 0.506536 0.643689 0.540033 0.407475
480 0.503268 0.673560 0.540033 0.432292
480 0.507966 0.634804 0.523284 0.405025
480 0.473243 0.641085 0.566585 0.397365
480 0.494894 0.658548 0.560049 0.417586
480 0.493056 0.643689 0.450163 0.432598
480 0.509804 0.664828 0.483660 0.409926
480 0.526552 0.647365 0.536765 0.455270
480 0.529820 0.631127 0.556373 0.447304
480 0.503268 0.648591 0.583333 0.412377
