480 0.390751 0.347801 0.372254 0.413194
136 0.703468 0.615741 0.230058 0.194444
168 0.309827 0.782986 0.175723 0.223380
136 0.703468 0.615741 0.230058 0.194444
168 0.309827 0.782986 0.175723 0.223380
480 0.439306 0.336806 0.372254 0.495370
168 0.315607 0.788194 0.173410 0.282407
136 0.695954 0.611690 0.212717 0.170139
480 0.406936 0.337963 0.339884 0.412037
136 0.697110 0.612269 0.219653 0.185185
480 0.411561 0.339699 0.335260 0.445602
168 0.313295 0.763889 0.217341 0.277778
136 0.701734 0.614005 0.228902 0.197917
168 0.309827 0.782986 0.175723 0.223380
168 0.326012 0.762153 0.212717 0.281250
136 0.702890 0.604745 0.182659 0.170139
480 0.378613 0.333333 0.387283 0.458333
