481 0.455115 0.467641 0.551148 0.680585
481 0.456159 0.461378 0.574113 0.772443
481 0.456159 0.461378 0.574113 0.772443
481 0.456159 0.461378 0.574113 0.772443
481 0.456159 0.461378 0.574113 0.772443
481 0.456159 0.461378 0.574113 0.772443
481 0.456159 0.461378 0.574113 0.772443
481 0.455115 0.556367 0.538622 0.699374
481 0.480167 0.558455 0.588727 0.724426
481 0.479123 0.558455 0.603340 0.724426
481 0.460334 0.555324 0.524008 0.730689
481 0.415449 0.541754 0.617954 0.724426
481 0.436326 0.549061 0.563674 0.718163
481 0.447808 0.584551 0.532359 0.734864
481 0.456159 0.461378 0.574113 0.772443
480 0.456159 0.461378 0.574113 0.772443
480 0.456159 0.461378 0.574113 0.772443
480 0.456159 0.461378 0.574113 0.772443
480 0.456159 0.461378 0.574113 0.772443
481 0.456159 0.461378 0.574113 0.772443
481 0.442589 0.573069 0.546973 0.745303
481 0.474948 0.555324 0.557411 0.726514
481 0.467641 0.529228 0.584551 0.724426
481 0.480167 0.564718 0.601253 0.720251
481 0.460334 0.577244 0.565762 0.753653
481 0.489562 0.560543 0.565762 0.711900
481 0.456159 0.461378 0.574113 0.772443
480 0.456159 0.461378 0.574113 0.772443
481 0.480167 0.549061 0.559499 0.718163
481 0.475992 0.573069 0.555324 0.720251
481 0.446764 0.559499 0.513570 0.697286
481 0.461378 0.565762 0.567850 0.684760
481 0.458246 0.559499 0.524008 0.672234
481 0.442589 0.556367 0.613779 0.636743
481 0.469729 0.568894 0.542797 0.711900
481 0.467641 0.516701 0.576200 0.753653
481 0.477035 0.561587 0.603340 0.801670
