4 0.580900 0.557856 0.641119 0.686967
4 0.580900 0.557856 0.641119 0.686967
4 0.580900 0.557856 0.641119 0.686967
4 0.580900 0.557856 0.641119 0.686967
4 0.580900 0.557856 0.641119 0.686967
4 0.580900 0.557856 0.641119 0.686967
4 0.568127 0.609622 0.766423 0.624848
4 0.581509 0.574909 0.746959 0.633374
4 0.580900 0.557856 0.641119 0.686967
4 0.580900 0.557856 0.641119 0.686967
4 0.584550 0.601705 0.680049 0.721072
4 0.596715 0.584044 0.684915 0.676005
4 0.609489 0.587089 0.737226 0.660171
4 0.571168 0.591961 0.684915 0.750305
4 0.578467 0.604141 0.760341 0.721072
4 0.580900 0.557856 0.641119 0.686967
4 0.551095 0.607186 0.729927 0.775883
4 0.575426 0.594397 0.754258 0.725944
