480 0.443431 0.700974 0.492701 0.559074
480 0.459854 0.651035 0.450122 0.602923
192 0.446472 0.853228 0.350365 0.232643
480 0.453163 0.660780 0.451338 0.602923
192 0.468370 0.853228 0.338200 0.242387
192 0.443431 0.853837 0.392944 0.192448
480 0.442822 0.598660 0.464720 0.749086
480 0.429440 0.682095 0.484185 0.540804
192 0.493917 0.853228 0.355231 0.237515
192 0.487226 0.848356 0.405109 0.252132
480 0.440998 0.570646 0.465937 0.766139
192 0.472019 0.844702 0.394161 0.259440
192 0.469586 0.841048 0.343066 0.232643
480 0.449513 0.679659 0.502433 0.531060
192 0.446472 0.850792 0.377129 0.218027
480 0.460462 0.689403 0.475669 0.540804
480 0.444039 0.676005 0.523114 0.545676
192 0.465937 0.835566 0.364964 0.287454
192 0.475669 0.840438 0.350365 0.267966
480 0.436740 0.645554 0.391727 0.457978
480 0.428224 0.681486 0.454988 0.571255
192 0.459854 0.843484 0.360097 0.232643
192 0.479319 0.843484 0.360097 0.283800
480 0.422141 0.664434 0.625304 0.566382
