168 0.191329 0.641204 0.267052 0.236111
136 0.626590 0.537616 0.381503 0.334491
168 0.191329 0.641204 0.267052 0.236111
136 0.626590 0.537616 0.381503 0.334491
136 0.629480 0.526042 0.364162 0.322917
168 0.187861 0.643519 0.297110 0.268519
168 0.191329 0.641204 0.267052 0.236111
136 0.626590 0.537616 0.381503 0.334491
136 0.630636 0.555556 0.408092 0.333333
168 0.199422 0.642940 0.285549 0.292824
136 0.626590 0.537616 0.381503 0.334491
168 0.191908 0.676505 0.316763 0.353009
136 0.626590 0.537616 0.381503 0.334491
168 0.181503 0.651042 0.275145 0.302083
