146 0.601042 0.611458 0.622917 0.589583
140 0.200000 0.588542 0.400000 0.572917
146 0.583333 0.588542 0.658333 0.610417
178 0.391667 0.227083 0.550000 0.254167
496 0.803125 0.313542 0.352083 0.210417
35 0.288542 0.153125 0.302083 0.093750
35 0.768750 0.348958 0.354167 0.193750
464 0.389583 0.209375 0.120833 0.135417
464 0.726042 0.170833 0.122917 0.112500
289 0.343750 0.243750 0.137500 0.112500
289 0.906250 0.509375 0.120833 0.106250
140 0.215625 0.586458 0.393750 0.543750
178 0.552083 0.261458 0.854167 0.264583
496 0.804167 0.329167 0.354167 0.220833
464 0.746875 0.165625 0.181250 0.106250
464 0.398958 0.207292 0.106250 0.102083
289 0.322917 0.248958 0.154167 0.131250
289 0.922917 0.525000 0.137500 0.112500
35 0.289583 0.162500 0.250000 0.083333
35 0.630208 0.345833 0.093750 0.083333
35 0.837500 0.370833 0.191667 0.191667
