136 0.549711 0.252315 0.232370 0.162037
64 0.507514 0.704282 0.760694 0.376157
136 0.549711 0.252315 0.232370 0.162037
69 0.507514 0.704282 0.760694 0.376157
81 0.760694 0.656829 0.238150 0.265046
240 0.261850 0.714699 0.209249 0.285880
480 0.240462 0.399306 0.238150 0.289352
240 0.256647 0.713542 0.215029 0.292824
81 0.760694 0.677083 0.233526 0.259259
480 0.233526 0.381366 0.282081 0.265046
240 0.520809 0.698495 0.662428 0.267361
81 0.532948 0.688079 0.642775 0.288194
69 0.502312 0.703704 0.815029 0.372685
480 0.232948 0.368634 0.239306 0.255787
240 0.504046 0.724537 0.668208 0.275463
81 0.526590 0.730324 0.752601 0.287037
70 0.502890 0.715278 0.779191 0.368056
136 0.556647 0.262153 0.287861 0.207176
