136 0.584375 0.547917 0.681250 0.612500
136 0.584375 0.547917 0.681250 0.612500
136 0.571875 0.544792 0.660417 0.622917
136 0.584375 0.547917 0.681250 0.612500
136 0.571875 0.538542 0.752083 0.647917
136 0.584375 0.547917 0.681250 0.612500
136 0.584375 0.547917 0.681250 0.612500
136 0.584375 0.547917 0.681250 0.612500
136 0.584375 0.547917 0.681250 0.612500
136 0.607292 0.565625 0.747917 0.631250
136 0.579167 0.541667 0.745833 0.579167
136 0.584375 0.547917 0.681250 0.612500
136 0.584375 0.547917 0.681250 0.612500
136 0.584375 0.547917 0.681250 0.612500
136 0.584375 0.547917 0.681250 0.612500
136 0.584375 0.547917 0.681250 0.612500
