455 0.520668 0.510334 0.484897 0.642289
455 0.520668 0.510334 0.484897 0.642289
455 0.534181 0.526232 0.562798 0.655008
455 0.506359 0.501590 0.497615 0.624801
455 0.520668 0.510334 0.484897 0.642289
455 0.520668 0.510334 0.484897 0.642289
455 0.571542 0.499205 0.580286 0.648649
455 0.524642 0.499205 0.515103 0.610493
455 0.499205 0.492051 0.480127 0.634340
455 0.523847 0.499205 0.519873 0.661367
455 0.520668 0.497615 0.586645 0.658188
455 0.532591 0.509539 0.562798 0.675676
455 0.503180 0.492846 0.516693 0.658188
455 0.503180 0.500000 0.488076 0.602544
455 0.520668 0.510334 0.484897 0.642289
455 0.516693 0.487281 0.562798 0.637520
455 0.507949 0.496025 0.434022 0.645469
455 0.527822 0.507154 0.486486 0.620032
455 0.528617 0.496820 0.542130 0.615262
