480 0.510438 0.510438 0.511482 0.615866
480 0.510438 0.510438 0.511482 0.615866
480 0.510438 0.510438 0.511482 0.615866
480 0.510438 0.510438 0.511482 0.615866
480 0.510438 0.510438 0.511482 0.615866
480 0.510438 0.510438 0.511482 0.615866
480 0.510438 0.510438 0.511482 0.615866
480 0.510438 0.510438 0.511482 0.615866
480 0.510438 0.510438 0.511482 0.615866
480 0.510438 0.510438 0.511482 0.615866
480 0.510438 0.510438 0.511482 0.615866
480 0.510438 0.510438 0.511482 0.615866
480 0.510438 0.510438 0.511482 0.615866
480 0.510438 0.510438 0.511482 0.615866
480 0.510438 0.510438 0.511482 0.615866
480 0.510438 0.510438 0.511482 0.615866
480 0.510438 0.510438 0.511482 0.615866
480 0.510438 0.510438 0.511482 0.615866
480 0.510438 0.510438 0.511482 0.615866
480 0.510438 0.510438 0.511482 0.615866
480 0.510438 0.510438 0.511482 0.615866
480 0.510438 0.510438 0.511482 0.615866
480 0.510438 0.510438 0.511482 0.615866
480 0.510438 0.510438 0.511482 0.615866
480 0.510438 0.510438 0.511482 0.615866
480 0.510438 0.510438 0.511482 0.615866
480 0.510438 0.510438 0.511482 0.615866
480 0.510438 0.510438 0.511482 0.615866
480 0.510438 0.510438 0.511482 0.615866
480 0.510438 0.510438 0.511482 0.615866
480 0.510438 0.510438 0.511482 0.615866
480 0.510438 0.510438 0.511482 0.615866
480 0.510438 0.510438 0.511482 0.615866
480 0.510438 0.510438 0.511482 0.615866
480 0.510438 0.510438 0.511482 0.615866
480 0.510438 0.510438 0.511482 0.615866
480 0.510438 0.510438 0.511482 0.615866
480 0.510438 0.510438 0.511482 0.615866
480 0.510438 0.510438 0.511482 0.615866
480 0.510438 0.510438 0.511482 0.615866
480 0.510438 0.510438 0.511482 0.615866
480 0.510438 0.510438 0.511482 0.615866
480 0.510438 0.510438 0.511482 0.615866
480 0.510438 0.510438 0.511482 0.615866
480 0.510438 0.510438 0.511482 0.615866
480 0.510438 0.510438 0.511482 0.615866
480 0.510438 0.510438 0.511482 0.615866
480 0.510438 0.510438 0.511482 0.615866
480 0.510438 0.510438 0.511482 0.615866
480 0.510438 0.510438 0.511482 0.615866
480 0.510438 0.510438 0.511482 0.615866
480 0.510438 0.510438 0.511482 0.615866
480 0.510438 0.510438 0.511482 0.615866
480 0.510438 0.510438 0.511482 0.615866
480 0.510438 0.510438 0.511482 0.615866
