480 0.547917 0.511458 0.691667 0.681250
480 0.537500 0.263542 0.654167 0.427083
480 0.520833 0.504167 0.654167 0.704167
480 0.537500 0.263542 0.654167 0.427083
480 0.534375 0.494792 0.606250 0.689583
480 0.537500 0.263542 0.654167 0.427083
480 0.537500 0.263542 0.654167 0.427083
480 0.498958 0.496875 0.631250 0.668750
480 0.537500 0.263542 0.654167 0.427083
480 0.537500 0.263542 0.654167 0.427083
480 0.537500 0.263542 0.654167 0.427083
480 0.537500 0.263542 0.654167 0.427083
480 0.537500 0.263542 0.654167 0.427083
480 0.537500 0.263542 0.654167 0.427083
480 0.537500 0.263542 0.654167 0.427083
480 0.537500 0.263542 0.654167 0.427083
480 0.525000 0.520833 0.612500 0.708333
480 0.537500 0.263542 0.654167 0.427083
480 0.537500 0.263542 0.654167 0.427083
480 0.537500 0.263542 0.654167 0.427083
