451 0.558552 0.499228 0.460709 0.254630
451 0.558552 0.499228 0.460709 0.254630
451 0.558552 0.499228 0.460709 0.254630
451 0.558552 0.499228 0.460709 0.254630
451 0.558552 0.499228 0.460709 0.254630
451 0.558552 0.499228 0.460709 0.254630
452 0.558552 0.499228 0.460709 0.254630
455 0.558552 0.499228 0.460709 0.254630
455 0.558552 0.499228 0.460709 0.254630
455 0.558552 0.499228 0.460709 0.254630
451 0.548536 0.496142 0.449923 0.285494
452 0.567026 0.483025 0.477658 0.283951
455 0.567797 0.520833 0.476117 0.297840
452 0.565485 0.492284 0.443760 0.240741
455 0.575501 0.499228 0.500770 0.304012
455 0.543143 0.501543 0.463790 0.280864
452 0.569337 0.489198 0.451464 0.354938
452 0.558552 0.499228 0.460709 0.254630
452 0.600154 0.505401 0.479199 0.297840
455 0.535439 0.504630 0.543914 0.401235
452 0.544684 0.481481 0.497689 0.339506
452 0.543914 0.488426 0.502311 0.313272
452 0.538521 0.491512 0.485362 0.276235
455 0.558552 0.499228 0.460709 0.254630
452 0.537750 0.521605 0.520801 0.314815
455 0.565485 0.501543 0.443760 0.320988
455 0.553929 0.506944 0.448382 0.300926
