340 0.503180 0.511924 0.955485 0.836248
222 0.372019 0.636725 0.550079 0.596184
222 0.461049 0.246423 0.117647 0.089030
222 0.244038 0.374404 0.128776 0.116057
222 0.697933 0.601749 0.111288 0.119237
222 0.171701 0.573132 0.114467 0.096979
222 0.706677 0.250397 0.135135 0.131955
42 0.434022 0.401431 0.445151 0.230525
42 0.718601 0.538951 0.165342 0.124006
295 0.552464 0.786169 0.157393 0.122417
295 0.251192 0.266296 0.174881 0.135135
295 0.390302 0.195548 0.112878 0.063593
295 0.600159 0.130366 0.096979 0.098569
295 0.825914 0.481717 0.122417 0.104928
10 0.224960 0.458665 0.166932 0.205087
10 0.765501 0.372814 0.287758 0.182830
10 0.531797 0.246423 0.109698 0.149444
10 0.667727 0.740859 0.168521 0.152623
