480 0.482292 0.482292 0.385417 0.827083
480 0.493750 0.446875 0.412500 0.764583
480 0.493750 0.446875 0.412500 0.764583
480 0.493750 0.446875 0.412500 0.764583
480 0.493750 0.446875 0.412500 0.764583
480 0.493750 0.446875 0.412500 0.764583
480 0.493750 0.446875 0.412500 0.764583
480 0.493750 0.446875 0.412500 0.764583
480 0.493750 0.446875 0.412500 0.764583
480 0.493750 0.446875 0.412500 0.764583
480 0.493750 0.446875 0.412500 0.764583
480 0.493750 0.446875 0.412500 0.764583
480 0.493750 0.446875 0.412500 0.764583
480 0.493750 0.446875 0.412500 0.764583
480 0.493750 0.446875 0.412500 0.764583
480 0.493750 0.446875 0.412500 0.764583
