480 0.523847 0.455485 0.357711 0.427663
480 0.536566 0.460254 0.376789 0.418124
480 0.523052 0.461049 0.375199 0.445151
480 0.538951 0.471383 0.375199 0.440382
480 0.529412 0.478537 0.391097 0.445151
480 0.540541 0.492846 0.391097 0.502385
480 0.517488 0.467409 0.332273 0.410175
480 0.546105 0.488076 0.392687 0.403816
480 0.528617 0.481717 0.344992 0.419714
480 0.542925 0.472973 0.411765 0.446741
480 0.537361 0.457870 0.375199 0.476948
480 0.511924 0.457075 0.349762 0.414944
480 0.535771 0.490461 0.349762 0.437202
480 0.538156 0.501590 0.354531 0.491256
480 0.536566 0.479332 0.373609 0.484897
480 0.529412 0.492051 0.387917 0.440382
480 0.534181 0.465024 0.381558 0.427663
480 0.544515 0.472973 0.376789 0.446741
480 0.540541 0.474563 0.391097 0.440382
480 0.534976 0.481717 0.335453 0.426073
480 0.523052 0.472973 0.359300 0.446741
480 0.518283 0.461844 0.365660 0.421304
480 0.519078 0.475358 0.332273 0.451510
480 0.507949 0.475358 0.354531 0.448331
480 0.524642 0.478537 0.362480 0.445151
480 0.534181 0.494436 0.352941 0.435612
480 0.527027 0.468203 0.341812 0.453100
480 0.531797 0.467409 0.341812 0.422893
480 0.521463 0.468998 0.327504 0.454690
480 0.529412 0.472973 0.372019 0.446741
480 0.515898 0.480127 0.344992 0.441971
480 0.523847 0.505564 0.322734 0.492846
480 0.526232 0.481717 0.352941 0.438792
480 0.525437 0.471383 0.338633 0.449921
480 0.519873 0.514308 0.362480 0.526232
480 0.527822 0.486486 0.321145 0.461049
480 0.519873 0.477742 0.340223 0.418124
480 0.519078 0.472973 0.357711 0.456280
480 0.533386 0.482512 0.344992 0.472178
480 0.536566 0.465819 0.367250 0.448331
480 0.507949 0.480922 0.414944 0.507154
480 0.541335 0.477742 0.341812 0.427663
480 0.520668 0.493641 0.354531 0.462639
480 0.537361 0.475358 0.375199 0.451510
480 0.515103 0.478537 0.349762 0.467409
480 0.519078 0.480922 0.341812 0.462639
480 0.546900 0.461049 0.346582 0.422893
480 0.514308 0.462639 0.373609 0.441971
480 0.515103 0.472973 0.375199 0.456280
480 0.545310 0.479332 0.340223 0.449921
480 0.538156 0.461049 0.319555 0.410175
480 0.525437 0.474563 0.370429 0.459459
480 0.525437 0.460254 0.389507 0.488076
480 0.515103 0.449126 0.330684 0.449921
480 0.523847 0.497615 0.402226 0.492846
480 0.528617 0.484102 0.357711 0.424483
480 0.542925 0.494436 0.370429 0.419714
480 0.535771 0.476153 0.359300 0.392687
480 0.527822 0.468203 0.333863 0.462639
480 0.516693 0.490461 0.356121 0.456280
480 0.533386 0.461844 0.344992 0.434022
480 0.525437 0.485692 0.344992 0.446741
480 0.527027 0.472973 0.348172 0.421304
480 0.534976 0.500795 0.354531 0.432432
480 0.527822 0.470588 0.324324 0.397456
480 0.530207 0.484102 0.364070 0.459459
480 0.515103 0.444356 0.314785 0.459459
480 0.525437 0.470588 0.294118 0.448331
480 0.531002 0.461844 0.384738 0.430843
480 0.529412 0.464229 0.343402 0.435612
480 0.519873 0.482512 0.327504 0.453100
480 0.533386 0.450715 0.354531 0.462639
480 0.515103 0.458665 0.349762 0.389507
480 0.546105 0.466614 0.367250 0.414944
480 0.515103 0.469793 0.365660 0.462639
480 0.532591 0.470588 0.375199 0.432432
480 0.523847 0.465819 0.376789 0.492846
480 0.537361 0.475358 0.362480 0.457870
480 0.531797 0.481717 0.383148 0.489666
480 0.525437 0.476153 0.303657 0.414944
480 0.505564 0.464229 0.391097 0.489666
480 0.519078 0.481717 0.383148 0.438792
480 0.527822 0.464229 0.368839 0.410175
480 0.543720 0.462639 0.387917 0.406995
480 0.538951 0.453895 0.372019 0.424483
480 0.531797 0.476153 0.386328 0.475358
480 0.508744 0.467409 0.352941 0.432432
480 0.523052 0.466614 0.375199 0.434022
480 0.519873 0.486486 0.375199 0.464229
