68 0.611442 0.477431 0.643519 0.870040
390 0.454861 0.223586 0.223214 0.327629
390 0.749835 0.266121 0.260251 0.327381
390 0.544808 0.648686 0.323082 0.537450
390 0.811508 0.667411 0.169974 0.235119
305 0.468254 0.238591 0.176587 0.192460
305 0.731481 0.299851 0.223545 0.189980
305 0.521495 0.523686 0.230159 0.167411
305 0.513228 0.787326 0.346561 0.219990
305 0.823082 0.684896 0.179894 0.174851
150 0.798280 0.602431 0.263228 0.170139
150 0.619709 0.692336 0.173280 0.150050
150 0.369874 0.739831 0.106812 0.170139
150 0.676587 0.462426 0.099868 0.109871
