104 0.569952 0.587440 0.472178 0.297297
104 0.531797 0.576312 0.535771 0.275040
329 0.434817 0.338633 0.157393 0.375199
162 0.644674 0.287758 0.379968 0.292528
104 0.564388 0.585851 0.496025 0.322734
104 0.542925 0.566773 0.516693 0.294118
295 0.284579 0.364070 0.235294 0.216216
329 0.435612 0.330684 0.133545 0.276630
162 0.625596 0.295707 0.418124 0.257552
295 0.276630 0.372814 0.200318 0.198728
329 0.439587 0.329094 0.144674 0.286169
162 0.647854 0.285374 0.421304 0.338633
295 0.284579 0.347377 0.184420 0.192369
329 0.445946 0.306836 0.131955 0.263911
295 0.298092 0.356916 0.198728 0.189189
162 0.639905 0.311606 0.449921 0.321145
