480 0.515658 0.591858 0.584551 0.524008
480 0.540710 0.592902 0.622129 0.450939
480 0.525052 0.592902 0.603340 0.492693
480 0.508351 0.593946 0.636743 0.511482
480 0.518789 0.576200 0.590814 0.530271
480 0.505219 0.587683 0.605428 0.498956
480 0.512526 0.574113 0.586639 0.505219
480 0.550104 0.597077 0.611691 0.455115
480 0.537578 0.576200 0.603340 0.488518
480 0.506263 0.582463 0.628392 0.467641
480 0.515658 0.592902 0.659708 0.496868
480 0.496868 0.578288 0.580376 0.484342
480 0.518789 0.573069 0.607516 0.478079
480 0.568894 0.584551 0.557411 0.459290
