20 0.562003 0.426868 0.745628 0.338633
20 0.562003 0.426868 0.745628 0.338633
20 0.562003 0.426868 0.745628 0.338633
20 0.562003 0.426868 0.745628 0.338633
20 0.562003 0.426868 0.745628 0.338633
20 0.562003 0.426868 0.745628 0.338633
20 0.562003 0.426868 0.745628 0.338633
20 0.547695 0.465024 0.815580 0.392687
20 0.562003 0.426868 0.745628 0.338633
20 0.562003 0.426868 0.745628 0.338633
20 0.562003 0.426868 0.745628 0.338633
20 0.562003 0.426868 0.745628 0.338633
20 0.562003 0.426868 0.745628 0.338633
20 0.562003 0.426868 0.745628 0.338633
