435 0.718054 0.724502 0.430246 0.339977
225 0.463072 0.729777 0.304807 0.284877
188 0.423212 0.664713 0.239156 0.220399
188 0.382767 0.413247 0.165299 0.158265
230 0.483001 0.254396 0.185229 0.318875
464 0.703400 0.389801 0.194607 0.249707
68 0.701055 0.485346 0.264947 0.157093
68 0.395662 0.206917 0.055100 0.116061
68 0.536928 0.348183 0.098476 0.178195
289 0.708089 0.394490 0.349355 0.315358
289 0.382181 0.283118 0.117233 0.118406
289 0.406800 0.512896 0.126612 0.097304
182 0.192263 0.484760 0.262603 0.284877
287 0.208089 0.474209 0.179367 0.240328
