255 0.646875 0.319792 0.427083 0.360417
185 0.772917 0.679167 0.404167 0.325000
364 0.175000 0.350000 0.229167 0.275000
260 0.883333 0.378125 0.187500 0.347917
445 0.628125 0.214583 0.431250 0.162500
463 0.163542 0.572917 0.314583 0.212500
288 0.292708 0.728125 0.406250 0.272917
286 0.717708 0.366667 0.306250 0.408333
93 0.893750 0.391667 0.112500 0.316667
93 0.297917 0.739583 0.308333 0.245833
330 0.277083 0.210417 0.133333 0.083333
330 0.085417 0.394792 0.058333 0.039583
330 0.271875 0.307292 0.156250 0.077083
