480 0.479167 0.508333 0.937500 0.950000
480 0.507292 0.506250 0.947917 0.962500
480 0.506250 0.507292 0.962500 0.964583
480 0.511458 0.493750 0.918750 0.979167
480 0.495833 0.497917 0.950000 0.979167
480 0.502083 0.507292 0.912500 0.977083
480 0.494792 0.505208 0.985417 0.931250
480 0.504167 0.491667 0.962500 0.979167
480 0.500000 0.503125 0.950000 0.943750
480 0.491667 0.501042 0.916667 0.977083
480 0.490625 0.509375 0.964583 0.939583
480 0.482292 0.476042 0.939583 0.939583
480 0.492708 0.517708 0.910417 0.956250
480 0.500000 0.496875 0.970833 0.981250
480 0.492708 0.492708 0.985417 0.952083
