386 0.299163 0.245303 0.456067 0.252610
386 0.837866 0.599165 0.290795 0.684760
109 0.372385 0.510438 0.640167 0.574113
109 0.777197 0.591858 0.219665 0.235908
109 0.262552 0.907098 0.261506 0.173278
93 0.537657 0.124217 0.175732 0.114823
93 0.851464 0.170146 0.112971 0.185804
93 0.639121 0.787056 0.458159 0.292276
93 0.086820 0.466597 0.110879 0.139875
93 0.871339 0.473904 0.219665 0.350731
159 0.282427 0.243215 0.322176 0.290188
159 0.497908 0.488518 0.882845 0.881002
159 0.667364 0.922756 0.263598 0.146138
303 0.766736 0.564718 0.353556 0.553236
