136 0.528632 0.355779 0.329799 0.198303
136 0.528632 0.355779 0.329799 0.198303
136 0.528632 0.355779 0.329799 0.198303
136 0.528632 0.355779 0.329799 0.198303
181 0.528632 0.355779 0.329799 0.198303
136 0.537116 0.368505 0.382821 0.232238
136 0.538176 0.359491 0.404030 0.205726
136 0.531813 0.340403 0.346766 0.237540
136 0.544539 0.355779 0.312831 0.232238
136 0.528632 0.355779 0.329799 0.198303
136 0.528632 0.355779 0.329799 0.198303
136 0.528632 0.355779 0.329799 0.198303
136 0.508484 0.358431 0.314952 0.222694
136 0.519618 0.385472 0.307529 0.287381
136 0.528632 0.355779 0.329799 0.198303
136 0.528632 0.355779 0.329799 0.198303
136 0.528632 0.355779 0.329799 0.198303
136 0.528632 0.355779 0.329799 0.198303
136 0.528632 0.355779 0.329799 0.198303
136 0.528632 0.355779 0.329799 0.198303
181 0.527041 0.357900 0.352068 0.257688
181 0.510604 0.358961 0.370095 0.244963
181 0.528102 0.370626 0.349947 0.257688
