455 0.472428 0.357370 0.329799 0.156946
455 0.472428 0.357370 0.329799 0.156946
451 0.472428 0.357370 0.329799 0.156946
455 0.472428 0.357370 0.329799 0.156946
455 0.472428 0.357370 0.329799 0.156946
455 0.472428 0.357370 0.329799 0.156946
455 0.472428 0.357370 0.329799 0.156946
455 0.461824 0.369035 0.367975 0.209968
455 0.464475 0.354189 0.332980 0.184517
455 0.466066 0.362142 0.370095 0.185578
455 0.470838 0.335631 0.305408 0.202545
455 0.457052 0.367975 0.332980 0.193001
455 0.464475 0.355779 0.332980 0.187699
455 0.501060 0.360551 0.314952 0.212089
