136 0.481250 0.595833 0.495833 0.187500
136 0.481250 0.595833 0.495833 0.187500
136 0.481250 0.595833 0.495833 0.187500
136 0.481250 0.595833 0.495833 0.187500
136 0.481250 0.595833 0.495833 0.187500
136 0.481250 0.595833 0.495833 0.187500
136 0.481250 0.595833 0.495833 0.187500
136 0.451042 0.585417 0.535417 0.245833
136 0.484375 0.605208 0.572917 0.227083
136 0.481250 0.595833 0.495833 0.187500
136 0.481250 0.595833 0.495833 0.187500
136 0.481250 0.595833 0.495833 0.187500
136 0.481250 0.595833 0.495833 0.187500
136 0.481250 0.595833 0.495833 0.187500
136 0.481250 0.595833 0.495833 0.187500
136 0.470833 0.584375 0.504167 0.239583
136 0.468750 0.602083 0.462500 0.312500
136 0.502083 0.601042 0.575000 0.285417
136 0.468750 0.580208 0.458333 0.227083
136 0.481250 0.595833 0.495833 0.187500
136 0.481250 0.595833 0.495833 0.187500
136 0.488542 0.601042 0.477083 0.314583
136 0.464583 0.607292 0.512500 0.272917
136 0.478125 0.567708 0.514583 0.268750
136 0.506250 0.591667 0.583333 0.250000
136 0.469792 0.587500 0.489583 0.225000
136 0.504167 0.598958 0.516667 0.310417
136 0.482292 0.585417 0.514583 0.195833
136 0.482292 0.584375 0.472917 0.260417
136 0.486458 0.583333 0.531250 0.225000
