340 0.512847 0.487654 0.818088 0.549383
289 0.317061 0.519547 0.233299 0.139918
289 0.633607 0.455761 0.410072 0.438272
289 0.770812 0.312757 0.125385 0.092593
289 0.795992 0.486626 0.179856 0.069959
289 0.402878 0.349280 0.104830 0.054527
289 0.279548 0.420782 0.088386 0.072016
289 0.241007 0.291667 0.099692 0.060700
289 0.183453 0.484568 0.064748 0.065844
35 0.482014 0.389403 0.078109 0.120370
35 0.175745 0.440329 0.090442 0.082305
35 0.742035 0.409465 0.141829 0.154321
35 0.418294 0.591049 0.244604 0.087449
464 0.627955 0.521091 0.219938 0.282922
464 0.338129 0.401749 0.419322 0.385802
464 0.698356 0.367798 0.309353 0.237654
464 0.461973 0.636831 0.268243 0.080247
