340 0.517488 0.455485 0.898251 0.818760
310 0.507949 0.350556 0.755167 0.421304
310 0.389507 0.678855 0.222576 0.190779
310 0.654213 0.640700 0.112878 0.098569
225 0.418124 0.332273 0.394277 0.454690
225 0.718601 0.626391 0.244833 0.209857
225 0.755167 0.329094 0.104928 0.225755
225 0.417329 0.726550 0.205087 0.254372
387 0.226550 0.382353 0.201908 0.135135
387 0.915739 0.531797 0.149444 0.128776
387 0.606518 0.635930 0.208267 0.352941
387 0.254372 0.731320 0.171701 0.060413
295 0.646264 0.725755 0.096979 0.071542
