136 0.482292 0.385417 0.402083 0.279167
136 0.482292 0.385417 0.402083 0.279167
181 0.482292 0.385417 0.402083 0.279167
181 0.482292 0.385417 0.402083 0.279167
181 0.482292 0.385417 0.402083 0.279167
181 0.482292 0.385417 0.402083 0.279167
136 0.482292 0.385417 0.402083 0.279167
136 0.482292 0.385417 0.402083 0.279167
136 0.482292 0.385417 0.402083 0.279167
181 0.484375 0.426042 0.393750 0.314583
181 0.505208 0.437500 0.460417 0.300000
181 0.458333 0.416667 0.412500 0.320833
181 0.476042 0.411458 0.422917 0.310417
181 0.515625 0.416667 0.464583 0.333333
181 0.476042 0.392708 0.497917 0.322917
181 0.482292 0.385417 0.402083 0.279167
