480 0.491667 0.401042 0.495833 0.381250
480 0.491667 0.401042 0.495833 0.381250
480 0.491667 0.401042 0.495833 0.381250
480 0.491667 0.401042 0.495833 0.381250
480 0.466667 0.511458 0.629167 0.664583
480 0.491667 0.401042 0.495833 0.381250
480 0.493750 0.494792 0.533333 0.627083
480 0.479167 0.495833 0.520833 0.591667
480 0.491667 0.401042 0.495833 0.381250
480 0.491667 0.401042 0.495833 0.381250
480 0.468750 0.490625 0.575000 0.622917
480 0.491667 0.401042 0.495833 0.381250
480 0.491667 0.401042 0.495833 0.381250
480 0.491667 0.401042 0.495833 0.381250
480 0.491667 0.401042 0.495833 0.381250
480 0.491667 0.401042 0.495833 0.381250
480 0.495833 0.531250 0.545833 0.687500
