480 0.469522 0.542834 0.596376 0.673806
480 0.469522 0.542834 0.596376 0.673806
480 0.469522 0.542834 0.596376 0.673806
480 0.469522 0.542834 0.596376 0.673806
480 0.469522 0.542834 0.596376 0.673806
480 0.469522 0.542834 0.596376 0.673806
480 0.469522 0.542834 0.596376 0.673806
480 0.469522 0.542834 0.596376 0.673806
480 0.469522 0.542834 0.596376 0.673806
480 0.469522 0.542834 0.596376 0.673806
480 0.469522 0.542834 0.596376 0.673806
480 0.469522 0.542834 0.596376 0.673806
480 0.469522 0.542834 0.596376 0.673806
