480 0.503295 0.490115 0.502471 0.690280
480 0.503295 0.490115 0.502471 0.690280
480 0.503295 0.490115 0.502471 0.690280
480 0.503295 0.490115 0.502471 0.690280
480 0.503295 0.490115 0.502471 0.690280
480 0.503295 0.490115 0.502471 0.690280
480 0.503295 0.490115 0.502471 0.690280
480 0.503295 0.490115 0.502471 0.690280
480 0.503295 0.490115 0.502471 0.690280
480 0.503295 0.490115 0.502471 0.690280
480 0.503295 0.490115 0.502471 0.690280
480 0.503295 0.490115 0.502471 0.690280
480 0.503295 0.490115 0.502471 0.690280
