181 0.427975 0.486430 0.563674 0.501044
181 0.427975 0.486430 0.563674 0.501044
181 0.427975 0.486430 0.563674 0.501044
181 0.427975 0.486430 0.563674 0.501044
181 0.427975 0.486430 0.563674 0.501044
181 0.427975 0.486430 0.563674 0.501044
181 0.422756 0.504175 0.615866 0.515658
181 0.427975 0.486430 0.563674 0.501044
181 0.427975 0.486430 0.563674 0.501044
181 0.415449 0.514614 0.626305 0.507307
181 0.407098 0.486430 0.559499 0.513570
181 0.406054 0.503132 0.557411 0.517745
181 0.400835 0.514614 0.622129 0.519833
181 0.414405 0.508351 0.620042 0.515658
181 0.429019 0.498956 0.586639 0.480167
