480 0.509375 0.559499 0.768750 0.851775
480 0.497917 0.505219 0.725000 0.855950
480 0.513542 0.513570 0.810417 0.881002
480 0.497917 0.510438 0.783333 0.870564
480 0.550000 0.530271 0.762500 0.872651
480 0.521875 0.538622 0.856250 0.839248
480 0.516667 0.512526 0.783333 0.903967
480 0.515625 0.552192 0.793750 0.862213
480 0.539583 0.532359 0.800000 0.864301
480 0.497917 0.529228 0.804167 0.908142
480 0.481250 0.543841 0.750000 0.866388
480 0.539583 0.535491 0.783333 0.828810
480 0.487500 0.521921 0.775000 0.872651
480 0.491667 0.529228 0.745833 0.832985
480 0.513542 0.533403 0.752083 0.878914
480 0.500000 0.528184 0.845833 0.876827
480 0.498958 0.536534 0.843750 0.885177
480 0.500000 0.534447 0.779167 0.851775
480 0.522917 0.557411 0.766667 0.851775
480 0.517708 0.505219 0.810417 0.885177
480 0.510417 0.524008 0.725000 0.847599
