480 0.445720 0.262004 0.411273 0.365344
480 0.445720 0.262004 0.411273 0.365344
480 0.445720 0.262004 0.411273 0.365344
480 0.445720 0.262004 0.411273 0.365344
480 0.445720 0.262004 0.411273 0.365344
480 0.445720 0.262004 0.411273 0.365344
480 0.445720 0.262004 0.411273 0.365344
480 0.445720 0.262004 0.411273 0.365344
480 0.445720 0.262004 0.411273 0.365344
480 0.445720 0.262004 0.411273 0.365344
480 0.439457 0.308977 0.377871 0.530271
480 0.445720 0.262004 0.411273 0.365344
480 0.445720 0.262004 0.411273 0.365344
480 0.445720 0.262004 0.411273 0.365344
480 0.445720 0.262004 0.411273 0.365344
480 0.445720 0.262004 0.411273 0.365344
480 0.447808 0.252610 0.423800 0.384134
480 0.442589 0.283925 0.463466 0.513570
480 0.445720 0.262004 0.411273 0.365344
480 0.446764 0.302714 0.438413 0.501044
480 0.435282 0.296451 0.394572 0.480167
480 0.448852 0.308977 0.459290 0.538622
480 0.445720 0.262004 0.411273 0.365344
480 0.451983 0.298539 0.444676 0.530271
480 0.436326 0.373695 0.396660 0.346555
480 0.424843 0.293319 0.411273 0.532359
480 0.427975 0.302714 0.442589 0.459290
480 0.457203 0.289144 0.442589 0.494781
