364 0.487474 0.470772 0.878914 0.887265
345 0.177453 0.577244 0.279749 0.352818
345 0.433194 0.141962 0.615866 0.204593
345 0.689979 0.652401 0.260960 0.156576
345 0.580376 0.449896 0.459290 0.277662
345 0.897704 0.305846 0.171190 0.415449
345 0.548017 0.463466 0.411273 0.405010
345 0.266180 0.665971 0.453027 0.526096
345 0.815240 0.413361 0.336117 0.630480
345 0.300626 0.113779 0.300626 0.144050
364 0.467641 0.494781 0.893528 0.926931
364 0.487474 0.475992 0.924843 0.935282
345 0.702505 0.581420 0.244259 0.269311
345 0.267223 0.648225 0.480167 0.611691
345 0.490605 0.347599 0.233820 0.210856
345 0.316284 0.113779 0.252610 0.164927
345 0.888309 0.296451 0.177453 0.471816
