285 0.243063 0.292909 0.465570 0.302158
285 0.508222 0.504625 0.965057 0.949640
468 0.375642 0.419322 0.169579 0.184995
468 0.397225 0.085817 0.247688 0.157246
142 0.585817 0.459404 0.275437 0.230216
142 0.295992 0.366906 0.104830 0.135663
142 0.144399 0.657246 0.272354 0.525180
142 0.669065 0.155704 0.092497 0.101747
142 0.179342 0.090442 0.118191 0.117163
35 0.326824 0.580678 0.326824 0.162384
35 0.093011 0.670606 0.109969 0.153135
35 0.223535 0.108428 0.134635 0.097636
35 0.737410 0.414183 0.132580 0.184995
35 0.832991 0.697328 0.249743 0.225077
103 0.386948 0.879753 0.262076 0.195272
103 0.214800 0.679856 0.152107 0.179856
103 0.559096 0.179856 0.232271 0.254882
103 0.893114 0.675745 0.170606 0.188078
