386 0.348326 0.501046 0.663180 0.947699
386 0.862971 0.313808 0.269874 0.543933
195 0.526151 0.447699 0.713389 0.782427
464 0.224895 0.194561 0.324268 0.259414
464 0.783473 0.786611 0.286611 0.414226
142 0.469665 0.852510 0.370293 0.274059
142 0.194561 0.637029 0.154812 0.307531
142 0.488494 0.574268 0.089958 0.119247
142 0.962343 0.601464 0.062762 0.110879
142 0.650628 0.491632 0.087866 0.083682
161 0.304393 0.597280 0.361925 0.395397
161 0.668410 0.102510 0.140167 0.192469
161 0.877615 0.260460 0.144351 0.403766
197 0.500000 0.571130 0.803347 0.774059
