480 0.522202 0.525463 0.382054 0.510185
480 0.521277 0.527778 0.380204 0.572222
480 0.521277 0.527778 0.380204 0.572222
480 0.521277 0.527778 0.380204 0.572222
480 0.521277 0.527778 0.380204 0.572222
480 0.521277 0.527778 0.380204 0.572222
480 0.521277 0.527778 0.380204 0.572222
480 0.521277 0.527778 0.380204 0.572222
480 0.521277 0.527778 0.380204 0.572222
480 0.522202 0.525463 0.382054 0.510185
480 0.521277 0.527778 0.380204 0.572222
480 0.521277 0.527778 0.380204 0.572222
480 0.521277 0.527778 0.380204 0.572222
480 0.521277 0.527778 0.380204 0.572222
