406 0.270833 0.759375 0.287500 0.289583
406 0.502083 0.100000 0.283333 0.191667
406 0.822917 0.588542 0.204167 0.247917
93 0.576042 0.433333 0.322917 0.283333
0 0.545833 0.461458 0.320833 0.218750
464 0.135417 0.488542 0.229167 0.214583
464 0.768750 0.304167 0.166667 0.204167
464 0.584375 0.831250 0.247917 0.175000
161 0.152083 0.654167 0.187500 0.108333
161 0.631250 0.165625 0.112500 0.127083
161 0.742708 0.722917 0.143750 0.162500
161 0.375000 0.837500 0.100000 0.137500
161 0.310417 0.081250 0.091667 0.150000
386 0.468750 0.493750 0.487500 0.620833
303 0.194792 0.260417 0.222917 0.245833
