178 0.719792 0.393750 0.377083 0.458333
369 0.534375 0.714583 0.431250 0.362500
473 0.422917 0.533333 0.404167 0.691667
415 0.469792 0.536458 0.435417 0.602083
415 0.571875 0.278125 0.014583 0.043750
415 0.423958 0.717708 0.039583 0.035417
415 0.544792 0.709375 0.014583 0.014583
415 0.386458 0.712500 0.006250 0.008333
415 0.411458 0.756250 0.047917 0.033333
415 0.634375 0.832292 0.002083 0.002083
464 0.747917 0.308333 0.191667 0.233333
297 0.866667 0.683333 0.195833 0.191667
305 0.696875 0.435417 0.147917 0.270833
