386 0.208114 0.315595 0.239199 0.258166
386 0.694415 0.194415 0.246575 0.169652
386 0.770811 0.660695 0.230769 0.337197
386 0.434668 0.803477 0.492097 0.207587
109 0.519494 0.282929 0.687039 0.357218
109 0.125395 0.478398 0.189673 0.147524
109 0.456797 0.544257 0.127503 0.184405
464 0.540569 0.644362 0.699684 0.530032
142 0.558483 0.476818 0.149631 0.169652
142 0.729715 0.407271 0.097998 0.045311
142 0.378293 0.799789 0.094837 0.149631
159 0.387777 0.439937 0.469968 0.664910
42 0.435722 0.461012 0.125395 0.112750
