406 0.382292 0.613542 0.247917 0.239583
63 0.498958 0.413542 0.181250 0.102083
63 0.316667 0.332292 0.191667 0.072917
63 0.347917 0.481250 0.195833 0.087500
288 0.392708 0.380208 0.343750 0.260417
70 0.622917 0.550000 0.254167 0.166667
70 0.897917 0.757292 0.179167 0.197917
70 0.118750 0.507292 0.158333 0.127083
464 0.616667 0.483333 0.129167 0.116667
464 0.937500 0.686458 0.100000 0.160417
449 0.112500 0.416667 0.170833 0.133333
398 0.583333 0.522917 0.137500 0.083333
398 0.922917 0.713542 0.125000 0.110417
