288 0.355208 0.636458 0.156250 0.164583
288 0.557292 0.666667 0.085417 0.150000
288 0.308333 0.445833 0.070833 0.108333
288 0.434375 0.322917 0.081250 0.133333
288 0.272917 0.329167 0.120833 0.095833
288 0.563542 0.278125 0.097917 0.102083
288 0.557292 0.472917 0.064583 0.104167
288 0.659375 0.355208 0.102083 0.118750
288 0.704167 0.564583 0.133333 0.179167
268 0.287500 0.518750 0.095833 0.129167
268 0.238542 0.378125 0.085417 0.072917
268 0.226042 0.676042 0.114583 0.102083
268 0.517708 0.375000 0.110417 0.108333
268 0.677083 0.448958 0.083333 0.081250
268 0.502083 0.529167 0.137500 0.108333
268 0.658333 0.659375 0.087500 0.143750
