295 0.444647 0.579781 0.843066 0.745432
295 0.695255 0.335566 0.395377 0.398295
415 0.383212 0.697320 0.255474 0.205847
415 0.787105 0.590743 0.167883 0.197320
463 0.213504 0.814860 0.139903 0.160780
463 0.180657 0.638246 0.135036 0.126675
463 0.683090 0.507917 0.130170 0.172960
463 0.559002 0.256395 0.142336 0.130329
463 0.222019 0.408039 0.166667 0.121803
142 0.395377 0.186358 0.160584 0.085262
142 0.866180 0.367844 0.184915 0.297199
142 0.523114 0.903776 0.165450 0.082826
142 0.338200 0.851401 0.075426 0.077954
142 0.538321 0.331303 0.205596 0.075518
