386 0.724895 0.826360 0.144351 0.205021
386 0.506276 0.507322 0.933054 0.947699
176 0.419456 0.424686 0.261506 0.259414
109 0.156904 0.463389 0.309623 0.265690
109 0.358787 0.777197 0.202929 0.382845
109 0.839958 0.370293 0.290795 0.171548
109 0.748954 0.654812 0.481172 0.372385
464 0.196653 0.194561 0.267782 0.075314
464 0.754184 0.161088 0.156904 0.242678
464 0.189331 0.741632 0.219665 0.299163
464 0.589958 0.841004 0.179916 0.280335
464 0.899582 0.520921 0.167364 0.271967
142 0.688285 0.324268 0.330544 0.414226
18 0.081590 0.596234 0.146444 0.481172
18 0.743724 0.718619 0.307531 0.504184
18 0.976987 0.316946 0.037657 0.077406
18 0.485356 0.177824 0.125523 0.117155
18 0.652720 0.112971 0.171548 0.188285
