75 0.311458 0.392708 0.606250 0.752083
75 0.704167 0.794792 0.537500 0.397917
75 0.192708 0.909375 0.243750 0.160417
75 0.336458 0.801042 0.222917 0.297917
75 0.954167 0.540625 0.066667 0.131250
4 0.563542 0.543750 0.339583 0.325000
4 0.912500 0.457292 0.095833 0.147917
4 0.940625 0.318750 0.085417 0.070833
186 0.307292 0.243750 0.160417 0.225000
186 0.605208 0.713542 0.168750 0.139583
186 0.597917 0.863542 0.100000 0.072917
186 0.372917 0.961458 0.100000 0.064583
186 0.815625 0.789583 0.189583 0.162500
483 0.693750 0.266667 0.275000 0.470833
483 0.892708 0.582292 0.206250 0.210417
345 0.811458 0.251042 0.097917 0.077083
345 0.539583 0.326042 0.200000 0.127083
80 0.273958 0.693750 0.497917 0.404167
80 0.837500 0.815625 0.250000 0.281250
