58 0.789825 0.221994 0.352518 0.339157
58 0.776978 0.582220 0.402878 0.364851
81 0.803186 0.556012 0.319630 0.322713
81 0.780576 0.280576 0.294964 0.147996
11 0.460946 0.753340 0.609455 0.448099
388 0.149538 0.676773 0.247688 0.305242
388 0.441932 0.439877 0.211716 0.139774
388 0.582220 0.283659 0.107914 0.127441
388 0.253340 0.283145 0.140802 0.142857
44 0.797020 0.209147 0.342240 0.284687
464 0.440904 0.181912 0.254882 0.230216
464 0.179856 0.372045 0.172662 0.080164
464 0.472251 0.539568 0.247688 0.215827
464 0.609455 0.409558 0.067831 0.064748
