464 0.506263 0.514614 0.937370 0.887265
434 0.502088 0.510438 0.949896 0.916493
464 0.505219 0.507307 0.964509 0.901879
434 0.941545 0.474948 0.104384 0.152401
434 0.625261 0.330898 0.540710 0.553236
434 0.260960 0.508351 0.200418 0.118998
434 0.346555 0.601253 0.171190 0.108559
434 0.657620 0.679541 0.141962 0.123173
434 0.528184 0.828810 0.242171 0.137787
434 0.331942 0.743215 0.070981 0.070981
434 0.121086 0.654489 0.096033 0.102296
434 0.248434 0.236952 0.079332 0.048017
434 0.532359 0.947808 0.112735 0.066806
434 0.515658 0.706681 0.066806 0.073069
