468 0.316418 0.382090 0.435821 0.585075
468 0.717910 0.089552 0.283582 0.149254
468 0.856716 0.492537 0.256716 0.453731
305 0.244776 0.337313 0.316418 0.370149
305 0.768657 0.337313 0.391045 0.411940
89 0.210448 0.268657 0.176119 0.167164
89 0.376119 0.411940 0.095522 0.071642
89 0.737313 0.250746 0.161194 0.125373
387 0.259701 0.613433 0.513433 0.492537
387 0.602985 0.152239 0.065672 0.167164
387 0.698507 0.531343 0.328358 0.376119
387 0.925373 0.237313 0.107463 0.373134
387 0.676119 0.347761 0.062687 0.122388
