100 0.491720 0.569515 0.491720 0.830357
100 0.270701 0.311862 0.189809 0.215561
100 0.191083 0.580995 0.140127 0.187500
100 0.843312 0.760842 0.175796 0.243622
100 0.665605 0.914541 0.149045 0.125000
103 0.300637 0.468112 0.420382 0.413265
103 0.390446 0.854592 0.510828 0.280612
103 0.712739 0.630740 0.360510 0.503827
103 0.400637 0.236607 0.090446 0.121173
127 0.279618 0.621173 0.467516 0.247449
127 0.103185 0.504464 0.140127 0.200255
127 0.691720 0.315051 0.282803 0.237245
127 0.847134 0.550383 0.282803 0.167092
127 0.671975 0.795281 0.192357 0.195153
