340 0.480657 0.505862 0.942556 0.896835
416 0.488277 0.405627 0.430246 0.532239
416 0.704572 0.573271 0.121923 0.182884
416 0.545721 0.714537 0.094959 0.160610
416 0.370457 0.853458 0.145369 0.112544
416 0.200469 0.783118 0.124267 0.086753
338 0.379250 0.188159 0.202814 0.123095
338 0.398007 0.712192 0.106682 0.094959
338 0.675264 0.380422 0.152403 0.099648
338 0.283118 0.764361 0.097304 0.086753
338 0.147128 0.615475 0.094959 0.105510
338 0.499414 0.880422 0.124267 0.100821
338 0.728019 0.813013 0.103165 0.144197
338 0.605510 0.600234 0.123095 0.150059
338 0.245604 0.317116 0.118406 0.177022
