369 0.462485 0.526964 0.692849 0.533411
176 0.725674 0.509379 0.189918 0.160610
176 0.277843 0.344666 0.105510 0.159437
176 0.191676 0.576788 0.132474 0.110199
176 0.617233 0.689332 0.097304 0.159437
223 0.660610 0.637163 0.270809 0.214537
223 0.325909 0.347011 0.150059 0.124267
223 0.418523 0.487104 0.079719 0.085580
223 0.199297 0.631887 0.103165 0.140680
223 0.406800 0.662368 0.138335 0.154748
330 0.512309 0.478312 0.077374 0.157093
330 0.386870 0.714537 0.227433 0.205158
330 0.275498 0.557444 0.100821 0.094959
330 0.574443 0.342907 0.143025 0.057444
