186 0.357076 0.249532 0.202437 0.139513
186 0.191659 0.414326 0.173383 0.154494
186 0.704780 0.370787 0.193065 0.102996
186 0.721181 0.599251 0.184630 0.209738
464 0.448454 0.150749 0.220244 0.151685
464 0.331771 0.554307 0.283037 0.209738
35 0.453140 0.673689 0.355201 0.182584
35 0.768510 0.244382 0.179944 0.125468
496 0.776007 0.455993 0.401125 0.142322
387 0.469541 0.379213 0.819119 0.485019
178 0.485473 0.393727 0.187441 0.218165
178 0.108716 0.456461 0.104967 0.244382
178 0.682755 0.195225 0.107779 0.167603
