463 0.292531 0.231328 0.203320 0.126556
463 0.102697 0.417012 0.180498 0.302905
463 0.131743 0.654564 0.213693 0.130705
463 0.415975 0.428423 0.429461 0.379668
463 0.897303 0.256224 0.188797 0.114108
463 0.509336 0.473029 0.134855 0.128631
463 0.462656 0.657676 0.170124 0.153527
463 0.672199 0.602697 0.207469 0.188797
287 0.254149 0.345436 0.271784 0.192946
287 0.508299 0.485477 0.975104 0.668050
434 0.538382 0.202282 0.109959 0.093361
434 0.433610 0.257261 0.103734 0.066390
434 0.709544 0.517635 0.502075 0.387967
434 0.682573 0.240664 0.099585 0.095436
292 0.288382 0.679461 0.182573 0.159751
295 0.586100 0.782158 0.363071 0.107884
295 0.770747 0.337137 0.412863 0.122407
