68 0.298005 0.388750 0.466334 0.537500
68 0.451372 0.728750 0.877805 0.397500
68 0.695761 0.350000 0.418953 0.340000
81 0.291771 0.217500 0.224439 0.155000
81 0.316708 0.487500 0.284289 0.190000
81 0.240648 0.753750 0.256858 0.207500
81 0.730673 0.343750 0.284289 0.172500
81 0.682045 0.655000 0.206983 0.165000
235 0.305486 0.238750 0.211970 0.102500
235 0.305486 0.480000 0.331671 0.195000
235 0.268080 0.748750 0.346633 0.192500
235 0.668329 0.670000 0.259352 0.185000
235 0.750623 0.336250 0.239401 0.167500
