162 0.258929 0.278772 0.181122 0.173913
172 0.529337 0.771100 0.329082 0.253197
15 0.500000 0.567775 0.316327 0.235294
225 0.301020 0.493606 0.443878 0.301790
57 0.244898 0.737852 0.219388 0.202046
57 0.750000 0.553708 0.234694 0.217391
305 0.299745 0.335038 0.073980 0.076726
289 0.626276 0.296675 0.104592 0.092072
438 0.460459 0.354220 0.242347 0.196931
218 0.669643 0.213555 0.181122 0.074169
218 0.772959 0.789003 0.147959 0.232737
52 0.739796 0.365729 0.408163 0.281330
81 0.852041 0.381074 0.158163 0.143223
464 0.705357 0.254476 0.109694 0.109974
236 0.655612 0.296675 0.147959 0.081841
