70 0.573267 0.140594 0.182178 0.122772
70 0.110891 0.347525 0.211881 0.207921
70 0.419307 0.679208 0.185149 0.245545
70 0.667822 0.644059 0.147525 0.195050
70 0.442079 0.351485 0.220792 0.170297
208 0.092574 0.348515 0.165347 0.200000
208 0.427723 0.323762 0.164356 0.200000
208 0.563861 0.062871 0.187129 0.117822
208 0.676733 0.600000 0.183168 0.198020
208 0.390099 0.672772 0.200000 0.147525
13 0.519307 0.339109 0.549505 0.377228
176 0.126733 0.540099 0.170297 0.175248
176 0.237129 0.682673 0.145545 0.135644
176 0.415842 0.064851 0.126733 0.090099
176 0.160891 0.202475 0.121782 0.119802
176 0.799505 0.291584 0.149505 0.127723
176 0.791089 0.485149 0.182178 0.150495
176 0.517327 0.701485 0.165347 0.141584
386 0.499505 0.329703 0.674257 0.607921
18 0.699505 0.729703 0.260396 0.275248
18 0.050000 0.564851 0.100000 0.329703
18 0.406931 0.446040 0.314851 0.337624
