389 0.512299 0.495192 0.840642 0.798077
93 0.762567 0.818910 0.119786 0.114316
93 0.305882 0.766026 0.263102 0.149573
93 0.162032 0.673611 0.150802 0.139957
93 0.434759 0.531517 0.170053 0.244658
93 0.802139 0.669872 0.162567 0.177350
93 0.704278 0.231303 0.418182 0.334402
93 0.337433 0.135150 0.240642 0.112179
93 0.383957 0.330128 0.147594 0.091880
93 0.571658 0.755342 0.122995 0.087607
93 0.613904 0.894765 0.132620 0.037393
256 0.156150 0.698718 0.128342 0.194444
256 0.437433 0.807692 0.231016 0.237179
256 0.656684 0.222756 0.457754 0.327991
256 0.307487 0.520299 0.210695 0.252137
256 0.794118 0.443376 0.247059 0.190171
297 0.504813 0.471154 0.810695 0.820513
