369 0.492457 0.532328 0.911638 0.737069
416 0.159483 0.344828 0.107759 0.250000
416 0.428879 0.895474 0.327586 0.153017
416 0.840517 0.344828 0.150862 0.198276
416 0.377155 0.290948 0.133621 0.172414
416 0.756466 0.793103 0.267241 0.189655
93 0.230603 0.704741 0.254310 0.357759
93 0.507543 0.686422 0.312500 0.239224
93 0.745690 0.605603 0.362069 0.314655
93 0.247845 0.441810 0.077586 0.202586
214 0.764009 0.265086 0.088362 0.142241
214 0.443966 0.300647 0.081897 0.096983
214 0.585129 0.468750 0.096983 0.075431
214 0.607759 0.817888 0.185345 0.247845
214 0.140086 0.558190 0.198276 0.168103
214 0.504310 0.598060 0.198276 0.088362
161 0.178879 0.765086 0.176724 0.172414
161 0.329741 0.387931 0.073276 0.086207
161 0.731681 0.495690 0.088362 0.125000
