463 0.167268 0.515663 0.233454 0.139759
463 0.548736 0.772289 0.204573 0.197590
463 0.371239 0.268072 0.160048 0.210843
463 0.262335 0.777711 0.132371 0.292771
463 0.681107 0.696988 0.139591 0.092771
369 0.483153 0.525301 0.874850 0.840964
287 0.464501 0.866867 0.452467 0.162651
287 0.393502 0.657229 0.430806 0.157831
287 0.479543 0.509036 0.407942 0.172289
287 0.595668 0.193976 0.264741 0.187952
287 0.799639 0.630723 0.107100 0.184337
287 0.794826 0.346988 0.111913 0.197590
287 0.088448 0.355422 0.155235 0.409639
