340 0.454289 0.511851 0.725734 0.619639
416 0.304740 0.716140 0.115124 0.086907
416 0.344808 0.426072 0.084650 0.123025
416 0.249436 0.567720 0.090293 0.090293
89 0.502257 0.333521 0.065463 0.086907
89 0.487020 0.454853 0.050790 0.065463
89 0.545711 0.569413 0.111738 0.080135
89 0.568284 0.743792 0.111738 0.097065
387 0.619074 0.285553 0.174944 0.232506
387 0.749436 0.487585 0.300226 0.460497
387 0.237020 0.459932 0.209932 0.439052
387 0.353273 0.603273 0.223476 0.247178
387 0.520880 0.786117 0.222348 0.132054
