387 0.489183 0.508413 0.963942 0.944712
387 0.615385 0.403846 0.346154 0.418269
464 0.758413 0.897837 0.199519 0.199519
464 0.088942 0.054087 0.149038 0.088942
464 0.265625 0.272837 0.367788 0.367788
464 0.734375 0.052885 0.213942 0.091346
464 0.531250 0.627404 0.120192 0.125000
464 0.069712 0.780048 0.134615 0.156250
464 0.318510 0.936298 0.165865 0.103365
464 0.969952 0.311298 0.050481 0.141827
305 0.049279 0.349760 0.093750 0.098558
305 0.171875 0.043269 0.055288 0.062500
19 0.593750 0.296875 0.158654 0.112981
