248 0.519950 0.450000 0.700748 0.485000
248 0.517456 0.392500 0.780549 0.555000
248 0.522444 0.402500 0.805486 0.570000
248 0.508728 0.391250 0.773067 0.582500
248 0.507481 0.403750 0.790524 0.572500
248 0.522444 0.393750 0.780549 0.592500
248 0.497506 0.397500 0.805486 0.585000
248 0.497506 0.395000 0.780549 0.585000
248 0.497506 0.391250 0.780549 0.597500
248 0.503741 0.395000 0.773067 0.555000
248 0.493766 0.397500 0.802993 0.600000
248 0.500000 0.401250 0.805486 0.577500
248 0.519950 0.405000 0.800499 0.585000
248 0.514963 0.403750 0.810474 0.582500
248 0.501247 0.393750 0.802993 0.577500
248 0.503741 0.400000 0.798005 0.565000
248 0.507481 0.398750 0.775561 0.567500
248 0.512469 0.395000 0.765586 0.580000
248 0.497506 0.396250 0.795511 0.572500
248 0.504988 0.398750 0.785536 0.587500
248 0.498753 0.392500 0.798005 0.595000
248 0.496259 0.392500 0.788030 0.590000
248 0.497506 0.402500 0.780549 0.595000
248 0.503741 0.391250 0.783042 0.567500
