464 0.791762 0.279748 0.164760 0.175057
464 0.141876 0.490847 0.105263 0.167048
464 0.365561 0.421625 0.072082 0.067506
464 0.725400 0.491419 0.132723 0.072082
464 0.762014 0.631007 0.260870 0.147597
464 0.720824 0.901030 0.102975 0.097254
36 0.523455 0.398169 0.872998 0.352403
36 0.695080 0.824943 0.500000 0.315789
36 0.259725 0.908467 0.100686 0.128146
36 0.881579 0.605835 0.229977 0.282609
96 0.544622 0.248284 0.320366 0.167048
96 0.433066 0.482265 0.147597 0.129291
96 0.198513 0.799771 0.177346 0.180778
96 0.556064 0.639588 0.137300 0.135011
96 0.415332 0.883867 0.162471 0.127002
96 0.934211 0.443364 0.120137 0.223112
96 0.931922 0.619565 0.074371 0.149886
214 0.307208 0.642449 0.495423 0.385584
214 0.697368 0.544622 0.149886 0.084668
214 0.519451 0.308352 0.075515 0.097254
214 0.787757 0.722540 0.392449 0.115561
214 0.518307 0.902174 0.192220 0.179634
