318 0.475062 0.530000 0.700748 0.650000
355 0.366584 0.610000 0.129676 0.110000
355 0.526185 0.450000 0.079800 0.145000
355 0.294264 0.510000 0.094763 0.070000
355 0.658354 0.758750 0.074813 0.052500
355 0.760599 0.440000 0.099751 0.060000
434 0.422693 0.266250 0.047382 0.062500
434 0.220698 0.493750 0.032419 0.072500
434 0.508728 0.467500 0.044888 0.050000
12 0.504988 0.741250 0.062344 0.052500
12 0.476309 0.631250 0.164589 0.127500
12 0.622195 0.633750 0.052369 0.047500
12 0.386534 0.343750 0.144638 0.102500
12 0.610973 0.450000 0.089776 0.080000
12 0.233167 0.455000 0.062344 0.045000
