35 0.657109 0.186977 0.308244 0.230585
35 0.789128 0.391876 0.342891 0.439665
35 0.384110 0.624253 0.577061 0.574671
75 0.633214 0.265233 0.420550 0.277180
75 0.354839 0.133214 0.107527 0.151732
75 0.157109 0.339307 0.142174 0.145759
75 0.728196 0.786738 0.240143 0.225806
75 0.290323 0.838112 0.205496 0.252091
96 0.560932 0.398447 0.849462 0.667861
96 0.203704 0.572282 0.350060 0.425329
96 0.413381 0.879331 0.119474 0.164875
35 0.789128 0.483871 0.373955 0.277180
35 0.701314 0.194743 0.430108 0.229391
35 0.412784 0.635603 0.557945 0.597372
75 0.643967 0.244922 0.379928 0.329749
75 0.367384 0.115890 0.137395 0.117085
75 0.166667 0.334528 0.130227 0.145759
75 0.338710 0.798088 0.244922 0.262843
75 0.722820 0.768220 0.198327 0.212664
96 0.347073 0.237157 0.409797 0.340502
96 0.092593 0.463560 0.146953 0.203106
96 0.133811 0.714456 0.155317 0.215054
96 0.327957 0.582437 0.113501 0.175627
96 0.718041 0.545998 0.501792 0.367981
96 0.412784 0.862007 0.137395 0.204301
35 0.736559 0.364994 0.474313 0.569892
35 0.421744 0.629032 0.604540 0.622461
75 0.363202 0.098566 0.102748 0.101553
75 0.163680 0.332139 0.114695 0.150538
75 0.649940 0.265830 0.482676 0.362007
75 0.736559 0.749701 0.175627 0.204301
75 0.335125 0.798686 0.247312 0.292712
96 0.551374 0.424731 0.830346 0.651135
96 0.259259 0.668459 0.504182 0.581840
195 0.556750 0.945042 0.164875 0.059737
