306 0.721945 0.522500 0.351621 0.290000
306 0.389027 0.518750 0.389027 0.382500
306 0.299252 0.420000 0.164589 0.080000
248 0.331671 0.482500 0.164589 0.070000
248 0.526185 0.337500 0.259352 0.220000
248 0.802993 0.428750 0.084788 0.117500
248 0.213217 0.598750 0.062344 0.082500
45 0.362843 0.358750 0.142145 0.147500
45 0.470075 0.766250 0.072319 0.077500
45 0.619701 0.766250 0.192020 0.097500
45 0.776808 0.626250 0.087282 0.082500
45 0.571072 0.678750 0.084788 0.057500
328 0.275561 0.678750 0.162095 0.192500
328 0.548628 0.722500 0.159601 0.125000
328 0.680798 0.761250 0.239401 0.157500
328 0.314214 0.396250 0.099751 0.097500
