1 0.439560 0.526374 0.773626 0.657143
1 0.447253 0.541758 0.806593 0.692308
1 0.456044 0.536264 0.832967 0.694505
1 0.446154 0.537363 0.817582 0.714286
1 0.448352 0.548352 0.839560 0.701099
1 0.459341 0.538462 0.848352 0.690110
1 0.462637 0.528571 0.837363 0.696703
1 0.445055 0.527473 0.819780 0.712088
1 0.459341 0.540659 0.830769 0.712088
1 0.442857 0.536264 0.841758 0.729670
1 0.451648 0.531868 0.832967 0.703297
1 0.440659 0.542857 0.881319 0.707692
1 0.460440 0.525275 0.828571 0.712088
1 0.442857 0.535165 0.841758 0.718681
1 0.453846 0.534066 0.854945 0.747253
1 0.452747 0.556044 0.865934 0.725275
1 0.452747 0.537363 0.883516 0.740659
1 0.446154 0.527473 0.852747 0.720879
1 0.468132 0.542857 0.865934 0.716484
1 0.490110 0.551648 0.874725 0.725275
1 0.453846 0.535165 0.850549 0.696703
1 0.445055 0.520879 0.837363 0.712088
1 0.454945 0.531868 0.821978 0.712088
1 0.459341 0.527473 0.852747 0.712088
1 0.454945 0.550549 0.830769 0.749451
