389 0.841697 0.779570 0.139785 0.185185
389 0.569892 0.423536 0.210275 0.357228
443 0.557945 0.820789 0.762246 0.262843
443 0.283154 0.168459 0.262843 0.231780
443 0.387097 0.456392 0.150538 0.322581
443 0.723417 0.669654 0.197133 0.280765
443 0.849462 0.529869 0.289128 0.385902
214 0.746117 0.603943 0.137395 0.197133
214 0.399642 0.273596 0.235364 0.248507
214 0.587814 0.105735 0.267622 0.197133
214 0.844683 0.381123 0.174432 0.126643
214 0.166069 0.434886 0.102748 0.210275
464 0.358423 0.622461 0.382318 0.229391
464 0.764636 0.457587 0.169654 0.160096
464 0.571087 0.184588 0.542413 0.335723
464 0.301075 0.378734 0.097969 0.167264
464 0.122461 0.402031 0.135006 0.244922
