116 0.760351 0.758794 0.082811 0.087940
116 0.474279 0.213568 0.105395 0.108040
116 0.424090 0.399497 0.080301 0.125628
116 0.450439 0.623744 0.173149 0.106784
116 0.160602 0.752513 0.062735 0.045226
116 0.612296 0.701005 0.135508 0.052764
116 0.761606 0.679648 0.080301 0.070352
116 0.830615 0.420854 0.037641 0.047739
161 0.539523 0.287060 0.125471 0.204774
161 0.351945 0.133166 0.094103 0.103015
161 0.212045 0.250628 0.100376 0.101759
161 0.215182 0.433417 0.357591 0.193467
161 0.708281 0.434673 0.141782 0.070352
161 0.126725 0.593593 0.180678 0.076633
161 0.616688 0.772613 0.214555 0.125628
161 0.336888 0.875000 0.254705 0.154523
161 0.875784 0.456030 0.052698 0.042714
464 0.485571 0.881910 0.158093 0.077889
464 0.359473 0.293342 0.174404 0.126884
464 0.449812 0.468593 0.309912 0.158291
464 0.826851 0.655151 0.185696 0.229899
93 0.834379 0.626256 0.255960 0.152010
93 0.530740 0.523241 0.238394 0.177136
11 0.343162 0.375628 0.056462 0.087940
468 0.158093 0.471106 0.122961 0.087940
468 0.243413 0.757538 0.117942 0.105528
468 0.485571 0.125628 0.102886 0.052764
468 0.700753 0.484925 0.106650 0.080402
