369 0.747449 0.777494 0.147959 0.102302
369 0.616071 0.675192 0.293367 0.209719
369 0.363520 0.671355 0.150510 0.166240
442 0.151786 0.615090 0.038265 0.048593
442 0.349490 0.696931 0.071429 0.084399
442 0.770408 0.291560 0.091837 0.071611
442 0.284439 0.359335 0.068878 0.058824
442 0.497449 0.682864 0.071429 0.127877
442 0.691327 0.835038 0.091837 0.028133
176 0.503827 0.441176 0.165816 0.171355
464 0.799745 0.612532 0.104592 0.079284
464 0.698980 0.659847 0.091837 0.071611
464 0.628827 0.776215 0.094388 0.069054
35 0.281888 0.271100 0.063776 0.127877
35 0.383929 0.391304 0.079082 0.138107
35 0.334184 0.547315 0.173469 0.071611
11 0.551020 0.312020 0.382653 0.199488
11 0.674745 0.497442 0.165816 0.120205
