93 0.801099 0.821978 0.191209 0.105495
413 0.474725 0.684615 0.272527 0.116484
413 0.606593 0.493407 0.241758 0.182418
387 0.272527 0.319780 0.276923 0.252747
387 0.358242 0.727473 0.461538 0.505495
387 0.854945 0.360440 0.145055 0.210989
345 0.743956 0.320879 0.261538 0.272527
345 0.503297 0.210989 0.254945 0.158242
345 0.592308 0.118681 0.076923 0.052747
345 0.394505 0.458242 0.217582 0.292308
345 0.220879 0.904396 0.331868 0.178022
345 0.631868 0.514286 0.107692 0.087912
345 0.817582 0.654945 0.202198 0.259341
345 0.542857 0.632967 0.167033 0.052747
345 0.098901 0.614286 0.153846 0.125275
