486 0.497491 0.515704 0.919699 0.870603
464 0.755332 0.236809 0.077792 0.094221
464 0.114178 0.556533 0.095358 0.082915
464 0.262233 0.758794 0.095358 0.062814
464 0.334379 0.614950 0.043915 0.064070
161 0.173149 0.627513 0.117942 0.069095
161 0.316186 0.492462 0.047679 0.055276
161 0.194479 0.261935 0.055207 0.069095
161 0.643664 0.395729 0.042660 0.067839
161 0.764115 0.831658 0.060226 0.062814
35 0.545797 0.278266 0.072773 0.091709
35 0.727102 0.663945 0.179423 0.152010
35 0.774153 0.342965 0.065245 0.067839
35 0.933501 0.645101 0.062735 0.129397
