486 0.456522 0.504188 0.856187 0.971524
464 0.342809 0.814908 0.274247 0.306533
161 0.206522 0.262982 0.102007 0.107203
161 0.668060 0.346734 0.108696 0.120603
161 0.551003 0.538526 0.095318 0.122278
35 0.375418 0.708543 0.105351 0.107203
35 0.261706 0.871022 0.132107 0.144054
116 0.605351 0.182580 0.160535 0.147404
442 0.392977 0.455611 0.080268 0.167504
442 0.188963 0.417085 0.123746 0.120603
442 0.185619 0.174204 0.153846 0.177554
442 0.699833 0.768007 0.105351 0.102178
495 0.484114 0.481575 0.968227 0.906198
