193 0.505388 0.620690 0.959052 0.616379
289 0.288793 0.635776 0.159483 0.306034
464 0.285560 0.419181 0.079741 0.075431
464 0.140086 0.451509 0.081897 0.075431
464 0.129310 0.622845 0.094828 0.086207
464 0.367457 0.537716 0.053879 0.053879
464 0.324353 0.747845 0.071121 0.103448
464 0.267241 0.849138 0.081897 0.073276
464 0.672414 0.401940 0.094828 0.079741
464 0.817888 0.386853 0.088362 0.084052
464 0.882543 0.543103 0.084052 0.073276
464 0.627155 0.658405 0.103448 0.071121
464 0.495690 0.867457 0.060345 0.079741
464 0.892241 0.815733 0.060345 0.084052
42 0.423491 0.424569 0.071121 0.099138
42 0.547414 0.440733 0.086207 0.092672
42 0.112069 0.887931 0.142241 0.081897
42 0.367457 0.817888 0.084052 0.062500
42 0.605603 0.816810 0.064655 0.086207
42 0.829741 0.665948 0.090517 0.077586
