182 0.498922 0.490302 0.894397 0.885776
29 0.460129 0.492457 0.424569 0.428879
287 0.482759 0.507543 0.443966 0.476293
182 0.481681 0.502155 0.911638 0.870690
29 0.449353 0.454741 0.325431 0.396552
442 0.401940 0.547414 0.295259 0.383621
442 0.642241 0.442888 0.103448 0.234914
182 0.482759 0.501078 0.913793 0.881466
29 0.447198 0.449353 0.338362 0.403017
442 0.477371 0.335129 0.096983 0.135776
442 0.279095 0.401940 0.071121 0.109914
442 0.544181 0.552802 0.338362 0.338362
442 0.393319 0.716595 0.049569 0.049569
