464 0.786585 0.556098 0.221951 0.134146
464 0.559146 0.542683 0.157317 0.207317
464 0.335366 0.540854 0.280488 0.159756
464 0.467073 0.787805 0.400000 0.221951
464 0.798780 0.696341 0.307317 0.185366
45 0.340244 0.654878 0.304878 0.207317
45 0.704268 0.517073 0.152439 0.102439
45 0.696341 0.777439 0.136585 0.128049
494 0.576220 0.671341 0.162195 0.220732
494 0.315244 0.633537 0.254878 0.230488
494 0.814024 0.621341 0.142683 0.135366
494 0.635366 0.867683 0.190244 0.081707
494 0.404878 0.843902 0.180488 0.090244
