322 0.498753 0.490000 0.972569 0.940000
416 0.842893 0.307500 0.194514 0.350000
416 0.342893 0.112500 0.192020 0.215000
416 0.211970 0.551250 0.134663 0.122500
416 0.493766 0.390000 0.159601 0.080000
416 0.385287 0.808750 0.102244 0.072500
442 0.586035 0.415000 0.054863 0.090000
442 0.614713 0.805000 0.192020 0.090000
442 0.943890 0.802500 0.082294 0.050000
35 0.288030 0.423750 0.271820 0.122500
35 0.397756 0.071250 0.092269 0.077500
35 0.916459 0.625000 0.082294 0.190000
35 0.179551 0.631250 0.104738 0.147500
464 0.438903 0.318750 0.139651 0.122500
322 0.488778 0.503750 0.922693 0.942500
414 0.860349 0.312500 0.214464 0.420000
414 0.197007 0.580000 0.219451 0.185000
35 0.290524 0.412500 0.231920 0.165000
464 0.411471 0.301250 0.124688 0.087500
