369 0.419521 0.521143 0.359589 0.413714
369 0.627854 0.648000 0.102740 0.105143
369 0.438356 0.825143 0.132420 0.089143
369 0.667237 0.845143 0.270548 0.099429
369 0.654680 0.551429 0.074201 0.088000
369 0.523402 0.416000 0.058219 0.077714
142 0.522260 0.468571 0.165525 0.098286
142 0.546804 0.687429 0.244292 0.195429
142 0.273402 0.696571 0.167808 0.227429
142 0.483447 0.897714 0.192922 0.090286
142 0.619292 0.563429 0.069635 0.132571
93 0.496005 0.354857 0.071918 0.090286
261 0.563356 0.399429 0.058219 0.040000
261 0.423516 0.462857 0.107306 0.105143
261 0.320776 0.603429 0.157534 0.102857
261 0.426941 0.677714 0.070776 0.125714
261 0.353311 0.771429 0.126712 0.153143
261 0.575342 0.833714 0.157534 0.117714
261 0.502854 0.547429 0.042237 0.054857
261 0.635845 0.652571 0.052511 0.034286
