261 0.269327 0.847500 0.384040 0.260000
261 0.168329 0.206250 0.147132 0.097500
261 0.758105 0.458750 0.044888 0.177500
261 0.910224 0.297500 0.069825 0.155000
261 0.653367 0.782500 0.603491 0.420000
497 0.667082 0.252500 0.107232 0.100000
497 0.406484 0.330000 0.408978 0.255000
497 0.852868 0.455000 0.154613 0.155000
497 0.365337 0.675000 0.481297 0.230000
35 0.402743 0.531250 0.361596 0.212500
464 0.632170 0.813750 0.645885 0.357500
464 0.099751 0.616250 0.134663 0.437500
11 0.756858 0.215000 0.147132 0.085000
11 0.066085 0.335000 0.122195 0.145000
11 0.063591 0.542500 0.122195 0.120000
11 0.632170 0.663750 0.157107 0.272500
261 0.546135 0.752500 0.822943 0.410000
11 0.527431 0.658750 0.431421 0.322500
