463 0.310345 0.346983 0.107759 0.094828
463 0.132543 0.366379 0.092672 0.068966
463 0.204741 0.575431 0.155172 0.073276
463 0.603448 0.752155 0.202586 0.116379
323 0.386853 0.197198 0.101293 0.084052
323 0.669181 0.266164 0.286638 0.260776
323 0.756466 0.482759 0.146552 0.206897
323 0.454741 0.466595 0.301724 0.303879
323 0.554957 0.726293 0.532328 0.284483
94 0.520474 0.341595 0.096983 0.079741
94 0.432112 0.542026 0.049569 0.084052
94 0.304957 0.552802 0.058190 0.062500
94 0.341595 0.656250 0.148707 0.127155
103 0.635776 0.408405 0.112069 0.170259
103 0.511853 0.609914 0.209052 0.267241
