68 0.535560 0.108836 0.351293 0.183190
208 0.349138 0.442888 0.176724 0.157328
208 0.556034 0.605603 0.198276 0.344828
208 0.710129 0.323276 0.109914 0.172414
208 0.769397 0.602371 0.112069 0.153017
464 0.500000 0.379310 0.107759 0.125000
464 0.200431 0.289871 0.133621 0.114224
464 0.441810 0.634698 0.146552 0.148707
464 0.639009 0.661638 0.062500 0.150862
464 0.633621 0.269397 0.056034 0.077586
468 0.284483 0.362069 0.099138 0.086207
468 0.484914 0.387931 0.193966 0.176724
386 0.515086 0.551724 0.732759 0.715517
286 0.647629 0.434267 0.200431 0.247845
