373 0.501078 0.419181 0.795259 0.786638
327 0.502155 0.439655 0.663793 0.655172
361 0.505388 0.217672 0.321121 0.112069
361 0.348060 0.396552 0.299569 0.241379
361 0.495690 0.532328 0.163793 0.125000
361 0.725216 0.414871 0.178879 0.230603
361 0.655172 0.634698 0.086207 0.127155
173 0.651940 0.271552 0.122845 0.051724
173 0.511853 0.424569 0.433190 0.275862
173 0.434267 0.192888 0.127155 0.049569
173 0.379310 0.560345 0.116379 0.099138
173 0.581897 0.618534 0.107759 0.073276
373 0.521552 0.418103 0.775862 0.788793
327 0.519397 0.433190 0.668103 0.672414
361 0.452586 0.419181 0.521552 0.558190
361 0.712284 0.429957 0.213362 0.204741
173 0.335129 0.298491 0.096983 0.092672
173 0.445043 0.191810 0.127155 0.090517
173 0.563578 0.428879 0.325431 0.284483
173 0.567888 0.642241 0.088362 0.094828
173 0.377155 0.551724 0.081897 0.090517
