464 0.216463 0.754268 0.142683 0.159756
464 0.635366 0.782927 0.104878 0.092683
464 0.712195 0.529268 0.097561 0.090244
464 0.710976 0.368293 0.095122 0.112195
11 0.540854 0.558537 0.435366 0.490244
386 0.465854 0.882927 0.334146 0.109756
386 0.281098 0.329268 0.054878 0.163415
386 0.175610 0.479268 0.104878 0.117073
368 0.248171 0.379268 0.174390 0.173171
368 0.473171 0.255488 0.095122 0.050000
368 0.668902 0.331707 0.140244 0.082927
368 0.333537 0.523171 0.074390 0.124390
368 0.303659 0.806098 0.085366 0.090244
463 0.723171 0.794512 0.170732 0.140244
463 0.788415 0.619512 0.154878 0.200000
463 0.435976 0.243293 0.069512 0.086585
463 0.317073 0.757317 0.087805 0.114634
463 0.531707 0.860976 0.078049 0.097561
