313 0.528756 0.601526 0.700704 0.627934
330 0.589202 0.878521 0.152582 0.055164
93 0.738263 0.438380 0.154930 0.214789
93 0.400235 0.744718 0.152582 0.097418
100 0.286972 0.405516 0.102113 0.134977
100 0.225939 0.739437 0.080986 0.112676
100 0.436033 0.835681 0.125587 0.100939
100 0.827465 0.550469 0.122066 0.150235
310 0.515845 0.572770 0.634977 0.495305
313 0.547535 0.586854 0.742958 0.610329
100 0.290493 0.409624 0.102113 0.129108
100 0.230634 0.741197 0.088028 0.097418
100 0.461854 0.853286 0.099765 0.126761
100 0.839202 0.551056 0.129108 0.163146
310 0.556338 0.590962 0.570423 0.508216
