70 0.331887 0.486443 0.344902 0.430586
195 0.649675 0.778200 0.511931 0.417570
195 0.400759 0.622017 0.469631 0.289588
195 0.318330 0.824837 0.239696 0.124729
287 0.533080 0.622017 0.530369 0.404555
215 0.657267 0.663232 0.132321 0.092191
215 0.694143 0.825922 0.312364 0.267896
186 0.365510 0.889371 0.210412 0.190889
186 0.206074 0.798265 0.130152 0.071584
186 0.369306 0.726139 0.103037 0.072668
186 0.670282 0.511931 0.114967 0.134490
186 0.781996 0.831887 0.158351 0.160521
186 0.562364 0.964751 0.122560 0.059653
