386 0.419075 0.417824 0.717919 0.798611
464 0.313295 0.284144 0.145665 0.119213
464 0.515607 0.255208 0.104046 0.146991
464 0.502890 0.615741 0.120231 0.118056
161 0.832948 0.467014 0.234682 0.436343
11 0.671098 0.800926 0.324855 0.208333
42 0.909249 0.598380 0.102890 0.087963
42 0.763584 0.574074 0.200000 0.335648
103 0.400578 0.894676 0.389595 0.185185
9 0.416763 0.412037 0.172254 0.125000
9 0.248555 0.157986 0.150289 0.116898
9 0.165318 0.329282 0.154913 0.144676
9 0.649133 0.156250 0.112139 0.085648
