386 0.542394 0.628750 0.815461 0.432500
464 0.284289 0.466250 0.324190 0.357500
464 0.577307 0.311250 0.122195 0.082500
464 0.812968 0.691250 0.189526 0.162500
161 0.354115 0.237500 0.114713 0.110000
161 0.588529 0.850000 0.189526 0.140000
161 0.250623 0.776250 0.112219 0.132500
161 0.602244 0.456250 0.132170 0.222500
161 0.091022 0.695000 0.097257 0.120000
289 0.761845 0.617500 0.182045 0.150000
289 0.477556 0.496250 0.087282 0.217500
289 0.476309 0.825000 0.189526 0.140000
289 0.110973 0.563750 0.082294 0.197500
289 0.768080 0.351250 0.289277 0.097500
