326 0.399306 0.473736 0.385913 0.287413
326 0.077877 0.576313 0.078373 0.098117
326 0.504464 0.746283 0.179563 0.142716
287 0.446925 0.258672 0.169643 0.172448
287 0.242063 0.393459 0.144841 0.182359
287 0.274306 0.516353 0.116071 0.073340
287 0.451885 0.610010 0.145833 0.175421
287 0.700893 0.508920 0.147817 0.108028
287 0.580853 0.695243 0.102183 0.090188
287 0.169147 0.632309 0.074405 0.144698
287 0.438492 0.852825 0.067460 0.100099
287 0.378472 0.772547 0.092262 0.060456
369 0.294147 0.322597 0.090278 0.104063
369 0.428075 0.239841 0.147817 0.085233
369 0.536706 0.365213 0.220238 0.195243
369 0.243056 0.703667 0.271825 0.342914
369 0.539187 0.841427 0.120040 0.126858
