80 0.548592 0.517727 0.768392 0.806364
178 0.639873 0.701818 0.249773 0.125455
178 0.873751 0.624545 0.072661 0.114545
178 0.636240 0.570455 0.048138 0.102727
116 0.705268 0.869545 0.089918 0.070000
116 0.259764 0.434091 0.065395 0.070000
116 0.495913 0.843182 0.087193 0.117273
186 0.460036 0.485455 0.609446 0.703636
434 0.791099 0.496818 0.332425 0.470000
434 0.317439 0.544545 0.264305 0.430909
434 0.217530 0.321364 0.135332 0.130000
434 0.612171 0.919545 0.199818 0.075455
434 0.533606 0.481818 0.077203 0.114545
434 0.553588 0.606818 0.102634 0.084545
