176 0.739782 0.640000 0.102634 0.105455
176 0.370118 0.705455 0.287920 0.405455
176 0.594914 0.770455 0.366939 0.190000
176 0.548592 0.855455 0.154405 0.085455
464 0.529973 0.701364 0.447775 0.333636
464 0.346503 0.646364 0.375114 0.298182
464 0.396004 0.602727 0.105359 0.080000
464 0.544959 0.834091 0.352407 0.157273
496 0.568120 0.263182 0.382380 0.275455
496 0.673933 0.460000 0.205268 0.112727
496 0.459128 0.437273 0.100817 0.072727
185 0.633969 0.272273 0.425068 0.368182
185 0.668029 0.532273 0.336966 0.151818
185 0.532698 0.379545 0.207993 0.051818
195 0.276567 0.360455 0.400545 0.435455
