176 0.552369 0.527500 0.481297 0.615000
469 0.344140 0.322500 0.099751 0.055000
469 0.302993 0.572500 0.077307 0.110000
469 0.278055 0.761250 0.172070 0.067500
469 0.559850 0.757500 0.112219 0.040000
469 0.731920 0.526250 0.082294 0.047500
386 0.820449 0.606250 0.189526 0.442500
386 0.289277 0.438750 0.209476 0.237500
386 0.309227 0.816250 0.179551 0.102500
386 0.576060 0.420000 0.159601 0.170000
35 0.659601 0.720000 0.261845 0.270000
35 0.321696 0.317500 0.129676 0.175000
35 0.256858 0.683750 0.089776 0.082500
