312 0.207292 0.717708 0.297917 0.318750
312 0.098958 0.412500 0.106250 0.120833
312 0.661458 0.618750 0.143750 0.141667
312 0.242708 0.290625 0.106250 0.072917
75 0.531250 0.844792 0.166667 0.135417
443 0.615625 0.241667 0.318750 0.204167
443 0.747917 0.472917 0.208333 0.154167
443 0.706250 0.697917 0.150000 0.120833
443 0.361458 0.800000 0.093750 0.137500
463 0.075000 0.504167 0.112500 0.112500
463 0.327083 0.212500 0.066667 0.070833
463 0.389583 0.290625 0.133333 0.164583
463 0.228125 0.478125 0.118750 0.118750
463 0.523958 0.545833 0.093750 0.095833
479 0.181250 0.546875 0.108333 0.102083
479 0.845833 0.583333 0.120833 0.075000
479 0.187500 0.423958 0.070833 0.077083
