165 0.512469 0.673750 0.466334 0.382500
464 0.208229 0.373750 0.122195 0.212500
464 0.269327 0.622500 0.054863 0.185000
464 0.108479 0.558750 0.112219 0.077500
161 0.155860 0.560000 0.276808 0.315000
161 0.047382 0.573750 0.079800 0.092500
369 0.773067 0.400000 0.319202 0.535000
486 0.493766 0.175000 0.249377 0.270000
445 0.320449 0.156250 0.192020 0.142500
445 0.556110 0.416250 0.274314 0.187500
93 0.677057 0.166250 0.102244 0.272500
178 0.723192 0.112500 0.064838 0.130000
95 0.644638 0.243750 0.117207 0.167500
95 0.748130 0.232500 0.064838 0.115000
95 0.882793 0.287500 0.074813 0.085000
95 0.371571 0.216250 0.074813 0.157500
133 0.351621 0.392500 0.299252 0.315000
