464 0.495833 0.493750 0.137500 0.112500
464 0.562500 0.227083 0.087500 0.066667
440 0.401042 0.448958 0.147917 0.097917
440 0.450000 0.553125 0.075000 0.068750
496 0.733333 0.541667 0.337500 0.229167
496 0.559375 0.321875 0.122917 0.102083
496 0.739583 0.396875 0.208333 0.118750
496 0.304167 0.596875 0.087500 0.177083
361 0.358333 0.490625 0.054167 0.081250
386 0.342708 0.393750 0.381250 0.512500
386 0.544792 0.668750 0.581250 0.341667
386 0.675000 0.305208 0.337500 0.268750
384 0.743750 0.690625 0.133333 0.081250
