386 0.340517 0.512931 0.439655 0.280172
386 0.498922 0.703664 0.717672 0.312500
386 0.275862 0.240302 0.185345 0.140086
386 0.683190 0.371767 0.400862 0.420259
161 0.423491 0.351293 0.286638 0.112069
142 0.584052 0.468750 0.120690 0.122845
142 0.537716 0.582974 0.178879 0.105603
142 0.460129 0.798491 0.109914 0.062500
142 0.678879 0.715517 0.047414 0.077586
292 0.320043 0.487069 0.209052 0.426724
292 0.434267 0.206897 0.062500 0.116379
292 0.515086 0.400862 0.288793 0.137931
292 0.742457 0.298491 0.170259 0.062500
