293 0.377214 0.435655 0.697757 0.868949
293 0.913223 0.582054 0.159386 0.221960
35 0.350649 0.380756 0.280992 0.244392
35 0.653483 0.334711 0.194805 0.142857
35 0.703070 0.546635 0.315230 0.257379
35 0.445691 0.713105 0.239669 0.245573
408 0.211924 0.452774 0.116883 0.105077
408 0.363046 0.193034 0.119244 0.119244
408 0.812279 0.435655 0.172373 0.188902
408 0.130460 0.642267 0.149941 0.092090
408 0.432704 0.528335 0.105077 0.149941
408 0.592090 0.623967 0.067296 0.067296
293 0.480519 0.238489 0.469894 0.469894
293 0.216647 0.576741 0.362456 0.648170
293 0.476978 0.525974 0.247934 0.319953
293 0.927981 0.583235 0.139315 0.200708
35 0.363046 0.398465 0.275089 0.275089
35 0.643447 0.328217 0.179457 0.125148
35 0.708383 0.561983 0.309327 0.262102
35 0.432113 0.714286 0.262102 0.243211
