182 0.484914 0.496767 0.849138 0.821121
110 0.384698 0.315733 0.252155 0.359914
110 0.617457 0.284483 0.096983 0.073276
110 0.512931 0.504310 0.224138 0.116379
93 0.585129 0.306034 0.174569 0.284483
93 0.648707 0.536638 0.137931 0.318966
93 0.426724 0.609914 0.228448 0.159483
24 0.367457 0.594828 0.109914 0.081897
24 0.550647 0.615302 0.040948 0.071121
24 0.417026 0.120690 0.062500 0.034483
386 0.629310 0.403017 0.099138 0.245690
386 0.494612 0.706897 0.299569 0.297414
182 0.506466 0.501078 0.931034 0.911638
110 0.419181 0.350216 0.385776 0.441810
93 0.440733 0.609914 0.226293 0.176724
93 0.596983 0.422414 0.185345 0.504310
24 0.389009 0.599138 0.140086 0.129310
386 0.524784 0.557112 0.312500 0.571121
182 0.488147 0.506466 0.920259 0.866379
110 0.451509 0.367457 0.359914 0.441810
93 0.525862 0.422414 0.344828 0.512931
24 0.364224 0.608836 0.142241 0.114224
