14 0.793367 0.525575 0.198980 0.196931
14 0.387755 0.783887 0.734694 0.416880
14 0.258929 0.404092 0.104592 0.102302
177 0.144133 0.478261 0.267857 0.194373
177 0.522959 0.535806 0.438776 0.391304
177 0.816327 0.709719 0.163265 0.176471
177 0.905612 0.478261 0.102041 0.117647
177 0.799745 0.852941 0.094388 0.079284
177 0.473214 0.851662 0.119898 0.132992
386 0.456633 0.602302 0.397959 0.365729
386 0.531888 0.398977 0.237245 0.204604
386 0.734694 0.942455 0.193878 0.104859
384 0.386480 0.565217 0.068878 0.046036
