70 0.496259 0.525000 0.922693 0.600000
464 0.346633 0.646250 0.249377 0.252500
464 0.700748 0.333750 0.264339 0.262500
305 0.185786 0.481250 0.162095 0.352500
305 0.581047 0.500000 0.448878 0.360000
390 0.115960 0.473750 0.187032 0.297500
390 0.336658 0.433750 0.154613 0.187500
390 0.569825 0.392500 0.077307 0.100000
390 0.719451 0.557500 0.496259 0.355000
390 0.172070 0.656250 0.124688 0.152500
81 0.336658 0.295000 0.149626 0.100000
81 0.865337 0.355000 0.094763 0.125000
81 0.576060 0.742500 0.199501 0.050000
81 0.854115 0.685000 0.077307 0.040000
