386 0.489918 0.743355 0.587534 0.370302
386 0.560495 0.520623 0.134739 0.054995
386 0.710816 0.375802 0.200733 0.284143
386 0.147113 0.728231 0.112741 0.235564
186 0.271769 0.647113 0.162236 0.087993
186 0.498625 0.288268 0.185151 0.134739
186 0.610907 0.463336 0.059578 0.160403
186 0.610907 0.271769 0.030247 0.057745
186 0.235564 0.465628 0.150321 0.089826
186 0.296975 0.356095 0.082493 0.044913
186 0.588451 0.898258 0.095325 0.045830
186 0.640697 0.702108 0.069661 0.053162
186 0.825848 0.700733 0.054995 0.065078
34 0.422090 0.392301 0.101742 0.247479
34 0.534372 0.383135 0.087993 0.069661
34 0.731897 0.559578 0.187901 0.156737
34 0.156737 0.331806 0.082493 0.102658
34 0.263520 0.836847 0.105408 0.067828
260 0.449588 0.667278 0.127406 0.102658
260 0.530706 0.781852 0.089826 0.137489
260 0.314390 0.475710 0.152154 0.214482
260 0.222273 0.727314 0.107241 0.107241
