385 0.502674 0.496261 0.990374 0.975427
387 0.518182 0.621261 0.905882 0.714744
368 0.364171 0.342415 0.152941 0.327991
368 0.618182 0.203526 0.145455 0.125000
185 0.177540 0.341346 0.224599 0.214744
185 0.496791 0.220085 0.142246 0.237179
185 0.304813 0.466346 0.089840 0.165598
387 0.518182 0.621261 0.905882 0.714744
368 0.364171 0.342415 0.152941 0.327991
368 0.618182 0.203526 0.145455 0.125000
185 0.177540 0.341346 0.224599 0.214744
185 0.496791 0.220085 0.142246 0.237179
185 0.304813 0.466346 0.089840 0.165598
