465 0.482097 0.543590 0.805627 0.728205
93 0.473146 0.347436 0.158568 0.115385
93 0.579284 0.502564 0.130435 0.051282
93 0.318414 0.847436 0.161125 0.069231
93 0.525575 0.651282 0.120205 0.138462
496 0.745524 0.766667 0.217391 0.179487
116 0.831202 0.480769 0.148338 0.161538
116 0.791560 0.325641 0.069054 0.061538
116 0.634271 0.271795 0.066496 0.051282
116 0.627877 0.406410 0.109974 0.125641
116 0.354220 0.478205 0.074169 0.069231
116 0.289003 0.265385 0.061381 0.064103
116 0.612532 0.547436 0.283887 0.115385
116 0.666240 0.687179 0.089514 0.051282
116 0.471867 0.807692 0.263427 0.189744
116 0.268542 0.588462 0.056266 0.064103
116 0.121483 0.667949 0.089514 0.115385
116 0.157289 0.515385 0.048593 0.061538
475 0.603581 0.575641 0.598465 0.658974
496 0.726343 0.773077 0.214834 0.197436
