386 0.497449 0.551151 0.744898 0.416880
93 0.446429 0.410486 0.132653 0.109974
93 0.784439 0.457801 0.170918 0.230179
93 0.839286 0.657289 0.234694 0.168798
93 0.350765 0.794118 0.334184 0.304348
93 0.317602 0.377238 0.114796 0.074169
93 0.137755 0.618926 0.204082 0.081841
364 0.331633 0.401535 0.153061 0.081841
364 0.339286 0.562660 0.204082 0.199488
364 0.577806 0.790281 0.206633 0.173913
364 0.151786 0.652174 0.119898 0.051151
364 0.589286 0.598465 0.122449 0.107417
464 0.863520 0.750639 0.130102 0.120205
464 0.780612 0.663683 0.153061 0.166240
