386 0.445013 0.335897 0.352941 0.343590
386 0.829923 0.642308 0.319693 0.233333
386 0.537084 0.841026 0.265985 0.143590
386 0.234015 0.641026 0.222506 0.179487
93 0.778772 0.365385 0.421995 0.335897
93 0.299233 0.488462 0.465473 0.479487
93 0.219949 0.698718 0.214834 0.166667
364 0.450128 0.438462 0.122762 0.112821
364 0.745524 0.369231 0.109974 0.128205
364 0.657289 0.660256 0.368286 0.341026
364 0.164962 0.375641 0.242967 0.217949
364 0.314578 0.585897 0.132992 0.100000
364 0.255754 0.841026 0.496164 0.210256
364 0.135550 0.632051 0.250639 0.166667
364 0.757033 0.520513 0.204604 0.082051
161 0.185422 0.737179 0.335038 0.207692
