340 0.488491 0.515385 0.930946 0.897436
176 0.507673 0.387179 0.514066 0.297436
389 0.239130 0.746154 0.084399 0.082051
389 0.396419 0.791026 0.051151 0.120513
389 0.543478 0.580769 0.089514 0.079487
389 0.626598 0.807692 0.092072 0.056410
389 0.796675 0.528205 0.048593 0.071795
89 0.436061 0.647436 0.125320 0.110256
89 0.154731 0.743590 0.079284 0.051282
89 0.673913 0.503846 0.079284 0.053846
89 0.826087 0.487179 0.061381 0.066667
89 0.693095 0.712821 0.153453 0.164103
89 0.561381 0.723077 0.048593 0.061538
89 0.446292 0.770513 0.048593 0.069231
