116 0.572704 0.179028 0.339286 0.225064
385 0.205357 0.368286 0.405612 0.736573
385 0.780612 0.269821 0.255102 0.278772
385 0.686224 0.748082 0.540816 0.442455
385 0.264031 0.827366 0.125000 0.156010
464 0.346939 0.716113 0.091837 0.081841
464 0.526786 0.506394 0.068878 0.040921
464 0.498724 0.597187 0.079082 0.048593
161 0.386480 0.824808 0.063776 0.156010
293 0.568878 0.397698 0.668367 0.473146
34 0.590561 0.672634 0.073980 0.092072
34 0.301020 0.654731 0.188776 0.040921
34 0.207908 0.768542 0.145408 0.053708
34 0.659439 0.396419 0.145408 0.230179
34 0.447704 0.269821 0.053571 0.023018
361 0.366071 0.594629 0.283163 0.109974
