35 0.457908 0.195652 0.247449 0.304348
35 0.711735 0.511509 0.117347 0.138107
35 0.778061 0.764706 0.102041 0.097187
35 0.721939 0.343990 0.117347 0.074169
440 0.372449 0.524297 0.479592 0.327366
318 0.905612 0.349105 0.107143 0.232737
318 0.718112 0.244246 0.084184 0.130435
318 0.397959 0.659847 0.448980 0.404092
318 0.146684 0.324808 0.160714 0.173913
285 0.149235 0.395141 0.247449 0.176471
285 0.584184 0.608696 0.581633 0.552430
98 0.489796 0.740409 0.428571 0.289003
328 0.304847 0.172634 0.073980 0.079284
