88 0.490025 0.508750 0.945137 0.772500
463 0.609726 0.306250 0.182045 0.157500
463 0.188279 0.286250 0.112219 0.107500
463 0.286783 0.395000 0.114713 0.130000
463 0.677057 0.438750 0.147132 0.127500
463 0.918953 0.421250 0.122195 0.142500
367 0.210723 0.483750 0.092269 0.057500
367 0.246883 0.303750 0.084788 0.082500
367 0.466334 0.527500 0.074813 0.100000
367 0.534913 0.692500 0.077307 0.110000
367 0.899002 0.635000 0.162095 0.220000
367 0.851621 0.331250 0.107232 0.067500
367 0.716958 0.792500 0.107232 0.110000
