320 0.451220 0.573780 0.692683 0.730488
320 0.435366 0.581098 0.712195 0.740244
360 0.440854 0.341463 0.247561 0.185366
360 0.451829 0.560976 0.140244 0.100000
360 0.550610 0.767683 0.132927 0.086585
360 0.251829 0.736585 0.069512 0.090244
360 0.639634 0.315244 0.235366 0.162195
439 0.257927 0.370122 0.067073 0.086585
439 0.143293 0.510976 0.113415 0.100000
439 0.261585 0.375000 0.059756 0.113415
439 0.150610 0.506098 0.108537 0.100000
360 0.426220 0.347561 0.252439 0.197561
360 0.370732 0.608537 0.258537 0.185366
360 0.569512 0.748780 0.139024 0.114634
360 0.249390 0.729878 0.054878 0.076829
