293 0.391463 0.400000 0.500000 0.192683
293 0.160366 0.661585 0.128049 0.120732
367 0.775610 0.445122 0.373171 0.507317
185 0.549390 0.264024 0.269512 0.079268
93 0.529268 0.554878 0.275610 0.187805
93 0.306707 0.576220 0.064634 0.074390
93 0.303049 0.737805 0.167073 0.078049
305 0.703049 0.576220 0.176829 0.164634
305 0.635366 0.691463 0.207317 0.160976
305 0.403049 0.559146 0.123171 0.050000
109 0.556707 0.775610 0.474390 0.207317
147 0.200610 0.598780 0.252439 0.500000
147 0.514634 0.902439 0.214634 0.031707
