147 0.737619 0.396667 0.477143 0.509524
147 0.382381 0.374286 0.597143 0.575238
24 0.790000 0.227143 0.082857 0.124762
24 0.620000 0.109048 0.081905 0.115238
24 0.680952 0.250476 0.110476 0.097143
24 0.627143 0.358095 0.162857 0.047619
24 0.873810 0.395714 0.084762 0.067619
24 0.124762 0.582857 0.121905 0.247619
24 0.644762 0.764286 0.087619 0.145714
442 0.568571 0.745714 0.200000 0.177143
442 0.352381 0.395714 0.426667 0.178095
442 0.377619 0.137143 0.107619 0.064762
442 0.854762 0.525714 0.212381 0.278095
442 0.842381 0.231905 0.046667 0.069524
442 0.677143 0.125714 0.057143 0.057143
442 0.154762 0.761429 0.067619 0.060000
442 0.193333 0.548095 0.064762 0.058095
293 0.688571 0.548095 0.165714 0.117143
293 0.788571 0.724762 0.234286 0.200000
293 0.365714 0.618095 0.280000 0.192381
