206 0.500000 0.769920 0.998010 0.302789
110 0.291045 0.612550 0.580100 0.342629
464 0.627363 0.603586 0.337313 0.254980
464 0.749751 0.253984 0.152239 0.117530
464 0.534826 0.263446 0.092537 0.190239
464 0.232338 0.301793 0.132338 0.041833
442 0.382587 0.391932 0.188060 0.228088
442 0.423383 0.767430 0.074627 0.052789
442 0.260199 0.704681 0.072637 0.102590
386 0.797512 0.334163 0.387065 0.367530
386 0.273632 0.462151 0.529353 0.458167
428 0.486070 0.420817 0.729353 0.240040
236 0.362189 0.739044 0.672637 0.205179
219 0.761194 0.596116 0.230846 0.090637
