80 0.326683 0.427500 0.423940 0.470000
77 0.644638 0.306250 0.281796 0.422500
77 0.786783 0.572500 0.137157 0.140000
12 0.779302 0.405000 0.261845 0.325000
12 0.486284 0.665000 0.099751 0.045000
12 0.320449 0.712500 0.067332 0.075000
12 0.523691 0.782500 0.054863 0.060000
293 0.468828 0.260000 0.244389 0.260000
293 0.809227 0.381250 0.197007 0.242500
293 0.926434 0.382500 0.102244 0.075000
110 0.528678 0.632500 0.423940 0.305000
93 0.210723 0.660000 0.112219 0.100000
116 0.370324 0.362500 0.067332 0.055000
116 0.245636 0.277500 0.062344 0.080000
116 0.208229 0.553750 0.057357 0.087500
