464 0.721945 0.163750 0.336658 0.302500
464 0.785536 0.441250 0.413965 0.197500
464 0.461347 0.478750 0.194514 0.147500
464 0.234414 0.590000 0.214464 0.220000
464 0.815461 0.750000 0.169576 0.135000
443 0.147132 0.305000 0.214464 0.560000
443 0.355362 0.870000 0.531172 0.245000
443 0.791771 0.368750 0.177057 0.167500
496 0.389027 0.093750 0.129676 0.112500
496 0.609726 0.266250 0.206983 0.187500
496 0.668329 0.618750 0.279302 0.337500
496 0.371571 0.855000 0.259352 0.225000
496 0.450125 0.727500 0.241895 0.245000
208 0.100998 0.713750 0.187032 0.262500
