312 0.241895 0.106250 0.374065 0.207500
312 0.831671 0.031250 0.187032 0.042500
386 0.457606 0.408750 0.915212 0.782500
386 0.917706 0.266250 0.154613 0.442500
464 0.549875 0.776250 0.271820 0.372500
464 0.261845 0.322500 0.244389 0.295000
464 0.791771 0.270000 0.246883 0.275000
35 0.821696 0.125000 0.192020 0.205000
35 0.458853 0.232500 0.139651 0.120000
35 0.460100 0.563750 0.137157 0.117500
35 0.180798 0.346250 0.062344 0.197500
35 0.791771 0.347500 0.132170 0.210000
186 0.581047 0.731250 0.119701 0.117500
186 0.245636 0.291250 0.097257 0.067500
186 0.669576 0.108750 0.152120 0.077500
186 0.903990 0.091250 0.082294 0.062500
