320 0.261010 0.598446 0.395078 0.559585
320 0.527202 0.619171 0.227979 0.510363
95 0.374352 0.282383 0.163212 0.137306
95 0.799223 0.564119 0.098446 0.125648
95 0.069301 0.451425 0.112694 0.079016
463 0.209197 0.290155 0.097150 0.111399
463 0.772021 0.400259 0.121762 0.121762
463 0.469560 0.817358 0.086788 0.093264
330 0.193653 0.682642 0.040155 0.072539
330 0.376943 0.479275 0.072539 0.075130
330 0.806347 0.641192 0.042746 0.064767
330 0.496762 0.597798 0.063472 0.047927
93 0.687176 0.566710 0.172280 0.470207
255 0.330311 0.479922 0.059585 0.086788
