369 0.530769 0.470330 0.731868 0.597802
20 0.397802 0.694505 0.079121 0.096703
436 0.448352 0.230769 0.329670 0.149451
436 0.219780 0.474725 0.145055 0.303297
436 0.526374 0.523077 0.362637 0.382418
436 0.876923 0.479121 0.123077 0.215385
325 0.631868 0.347253 0.129670 0.281319
325 0.358242 0.357143 0.087912 0.173626
325 0.497802 0.398901 0.081319 0.090110
325 0.453846 0.612088 0.178022 0.213187
325 0.331868 0.708791 0.202198 0.204396
4 0.740659 0.340659 0.149451 0.162637
4 0.514286 0.325275 0.092308 0.210989
4 0.648352 0.450549 0.123077 0.136264
4 0.350549 0.560440 0.195604 0.378022
