318 0.307980 0.421250 0.481297 0.797500
318 0.694514 0.518750 0.321696 0.467500
26 0.185786 0.356250 0.177057 0.142500
26 0.500000 0.476250 0.376559 0.457500
464 0.534913 0.587500 0.187032 0.175000
464 0.561097 0.335000 0.224439 0.220000
310 0.204489 0.363750 0.219451 0.227500
310 0.500000 0.486250 0.356608 0.397500
318 0.315461 0.402500 0.476309 0.805000
318 0.714464 0.525000 0.281796 0.455000
26 0.175810 0.350000 0.177057 0.185000
26 0.476309 0.555000 0.394015 0.550000
464 0.501247 0.575000 0.184539 0.175000
464 0.579800 0.351250 0.266833 0.197500
