116 0.500000 0.376250 0.206983 0.112500
116 0.557357 0.856250 0.216958 0.167500
161 0.451372 0.680000 0.264339 0.370000
161 0.134663 0.522500 0.179551 0.090000
161 0.198254 0.755000 0.097257 0.135000
186 0.623441 0.642500 0.159601 0.125000
35 0.433915 0.610000 0.399002 0.385000
35 0.816708 0.686250 0.216958 0.187500
35 0.795511 0.452500 0.149626 0.080000
464 0.745636 0.321250 0.279302 0.197500
464 0.711970 0.757500 0.192020 0.155000
464 0.370324 0.385000 0.371571 0.260000
464 0.642145 0.520000 0.137157 0.145000
