35 0.520460 0.346154 0.130435 0.107692
35 0.421995 0.112821 0.056266 0.056410
35 0.386189 0.342308 0.066496 0.069231
35 0.634271 0.355128 0.056266 0.094872
161 0.448849 0.330769 0.212276 0.189744
161 0.667519 0.294872 0.056266 0.138462
161 0.452685 0.132051 0.122762 0.135897
386 0.476982 0.642308 0.104859 0.105128
386 0.622762 0.717949 0.104859 0.200000
386 0.512788 0.829487 0.196931 0.161538
249 0.544757 0.725641 0.312020 0.297436
496 0.552430 0.726923 0.332481 0.305128
413 0.511509 0.267949 0.255754 0.248718
