385 0.424125 0.507762 0.845655 0.542044
161 0.891699 0.576973 0.195850 0.160414
161 0.450713 0.310479 0.309987 0.222510
161 0.137484 0.242561 0.210117 0.172057
161 0.304799 0.771022 0.511025 0.447607
161 0.694553 0.805304 0.102464 0.112549
464 0.579767 0.809185 0.158236 0.104787
464 0.370298 0.747089 0.221790 0.244502
464 0.249676 0.353169 0.115435 0.077620
464 0.038262 0.420440 0.068742 0.103493
464 0.760052 0.401682 0.067445 0.094437
260 0.832685 0.654592 0.137484 0.139715
260 0.107004 0.476714 0.159533 0.179819
260 0.209468 0.775550 0.099870 0.107374
260 0.352789 0.391979 0.106355 0.064683
