186 0.435731 0.609080 0.220519 0.225236
35 0.136792 0.519458 0.158019 0.130896
35 0.568396 0.519458 0.094340 0.135613
45 0.560142 0.280660 0.125000 0.141509
45 0.491745 0.427476 0.162736 0.104953
45 0.800708 0.553656 0.120283 0.062500
45 0.376769 0.260613 0.067217 0.108491
161 0.439269 0.606722 0.491745 0.279481
161 0.451651 0.327241 0.167453 0.104953
447 0.502358 0.560731 0.587264 0.378538
93 0.739387 0.440448 0.132075 0.102594
93 0.599646 0.385613 0.062500 0.141509
93 0.386792 0.311910 0.247642 0.163915
93 0.396816 0.509434 0.088443 0.139151
