318 0.769327 0.505000 0.182045 0.230000
318 0.688279 0.297500 0.174564 0.140000
318 0.340399 0.457500 0.127182 0.060000
318 0.537406 0.500000 0.137157 0.195000
318 0.369077 0.567500 0.074813 0.080000
93 0.421446 0.701250 0.408978 0.257500
93 0.710723 0.410000 0.224439 0.160000
24 0.234414 0.755000 0.104738 0.110000
24 0.371571 0.517500 0.104738 0.070000
24 0.396509 0.356250 0.254364 0.117500
24 0.796758 0.321250 0.077307 0.112500
24 0.517456 0.247500 0.072319 0.060000
24 0.640898 0.586250 0.069825 0.092500
311 0.659601 0.712500 0.256858 0.285000
