42 0.536160 0.367500 0.129676 0.095000
42 0.617207 0.250000 0.092269 0.090000
42 0.483791 0.265000 0.104738 0.100000
42 0.386534 0.311250 0.079800 0.062500
386 0.551122 0.510000 0.832918 0.845000
35 0.220698 0.710000 0.236908 0.255000
35 0.400249 0.538750 0.401496 0.202500
35 0.610973 0.761250 0.189526 0.157500
116 0.088529 0.547500 0.072319 0.065000
116 0.082294 0.697500 0.089776 0.080000
186 0.342893 0.416250 0.112219 0.067500
186 0.396509 0.621250 0.104738 0.102500
186 0.655860 0.425000 0.084788 0.135000
186 0.524938 0.441250 0.092269 0.062500
