7 0.303260 0.372093 0.389988 0.439535
74 0.286380 0.740698 0.367870 0.406977
74 0.663562 0.363372 0.360885 0.456977
74 0.705471 0.756977 0.430733 0.400000
81 0.265425 0.664535 0.186263 0.145349
81 0.355646 0.818605 0.075669 0.067442
81 0.222934 0.834302 0.084983 0.105814
81 0.605355 0.364535 0.165308 0.229070
81 0.659488 0.845930 0.222352 0.212791
81 0.888824 0.748256 0.089639 0.047674
240 0.252619 0.749419 0.204889 0.284884
240 0.692084 0.351744 0.308498 0.275581
240 0.717113 0.772674 0.337602 0.282558
