432 0.721680 0.324219 0.291016 0.347656
432 0.680664 0.729492 0.173828 0.173828
432 0.370117 0.748047 0.236328 0.164062
432 0.329102 0.303711 0.068359 0.224609
443 0.699219 0.470703 0.156250 0.160156
443 0.436523 0.237305 0.142578 0.123047
443 0.268555 0.301758 0.091797 0.158203
443 0.387695 0.610352 0.130859 0.091797
443 0.535156 0.710938 0.121094 0.230469
93 0.550781 0.719727 0.132812 0.208984
345 0.535156 0.326172 0.230469 0.179688
236 0.533203 0.380859 0.269531 0.218750
18 0.687500 0.690430 0.125000 0.107422
18 0.703125 0.216797 0.074219 0.078125
116 0.682617 0.581055 0.169922 0.115234
116 0.539062 0.519531 0.132812 0.148438
