42 0.808405 0.642151 0.111248 0.095179
93 0.360321 0.523486 0.562423 0.503090
93 0.639679 0.488257 0.147095 0.291718
386 0.164400 0.835600 0.222497 0.237330
386 0.699011 0.462917 0.090235 0.082818
386 0.669963 0.317058 0.202719 0.110012
386 0.696539 0.676761 0.139679 0.174289
161 0.293572 0.689740 0.310260 0.210136
161 0.309023 0.372064 0.210136 0.234858
161 0.595179 0.574784 0.097651 0.059333
463 0.475278 0.836218 0.092707 0.087763
463 0.469716 0.367120 0.197775 0.254635
463 0.334981 0.790482 0.096415 0.147095
386 0.433869 0.613103 0.669963 0.687268
463 0.456119 0.357231 0.205192 0.234858
463 0.247837 0.540791 0.137206 0.097651
463 0.310260 0.796044 0.081582 0.138443
42 0.817676 0.638443 0.122373 0.092707
93 0.351669 0.597033 0.470952 0.615575
93 0.656984 0.506180 0.139679 0.283066
161 0.356613 0.640915 0.124845 0.156984
