290 0.500952 0.549524 0.710476 0.575238
495 0.633333 0.508095 0.295238 0.372381
365 0.397143 0.677143 0.361905 0.245714
365 0.427143 0.270952 0.132381 0.122857
365 0.665714 0.313333 0.144762 0.161905
45 0.361905 0.550952 0.121905 0.162857
45 0.727143 0.355714 0.292381 0.292381
436 0.667619 0.297143 0.125714 0.135238
365 0.385238 0.694762 0.364762 0.229524
45 0.790000 0.344762 0.115238 0.205714
164 0.636190 0.522381 0.297143 0.309524
326 0.555238 0.588571 0.394286 0.192381
284 0.587619 0.784762 0.150476 0.104762
