142 0.788076 0.670602 0.324675 0.207792
298 0.256789 0.657615 0.362456 0.408501
116 0.610980 0.259150 0.364817 0.194805
365 0.667060 0.195396 0.217237 0.147580
365 0.790437 0.367178 0.145218 0.082645
365 0.570248 0.317591 0.125148 0.122786
193 0.296930 0.375443 0.197166 0.207792
466 0.341795 0.451004 0.147580 0.174734
466 0.595632 0.629280 0.109799 0.085006
36 0.672373 0.417355 0.187721 0.072019
36 0.770366 0.569067 0.194805 0.070838
36 0.698347 0.476387 0.050767 0.046045
17 0.511806 0.448642 0.223140 0.259740
163 0.471665 0.442739 0.242031 0.247934
163 0.487013 0.690083 0.192444 0.232586
42 0.406730 0.637544 0.067296 0.077922
439 0.526564 0.656434 0.092090 0.085006
439 0.433884 0.762692 0.062574 0.082645
