387 0.294792 0.631250 0.535417 0.529167
464 0.767708 0.257292 0.306250 0.385417
293 0.220833 0.418750 0.170833 0.079167
293 0.229167 0.545833 0.120833 0.083333
293 0.369792 0.538542 0.052083 0.089583
293 0.306250 0.646875 0.412500 0.181250
293 0.335417 0.834375 0.108333 0.085417
293 0.059375 0.634375 0.072917 0.043750
293 0.554167 0.553125 0.070833 0.052083
293 0.585417 0.658333 0.033333 0.062500
464 0.305208 0.628125 0.114583 0.097917
368 0.422917 0.511458 0.045833 0.060417
368 0.415625 0.697917 0.060417 0.054167
368 0.186458 0.431250 0.097917 0.062500
368 0.093750 0.562500 0.075000 0.091667
389 0.630208 0.280208 0.214583 0.281250
