57 0.560096 0.266346 0.664423 0.498077
295 0.437019 0.640865 0.143269 0.156731
295 0.630769 0.567308 0.075000 0.075000
295 0.838462 0.554808 0.084615 0.115385
295 0.607212 0.899519 0.162500 0.114423
93 0.543269 0.609615 0.144231 0.090385
93 0.737019 0.754327 0.102885 0.104808
93 0.687981 0.581250 0.095192 0.062500
93 0.409135 0.845673 0.312500 0.072115
75 0.613462 0.820673 0.190385 0.112500
75 0.844712 0.678365 0.077885 0.137500
75 0.441827 0.808654 0.137500 0.067308
75 0.315385 0.769712 0.075000 0.104808
110 0.464904 0.599519 0.112500 0.139423
110 0.650481 0.714423 0.370192 0.215385
110 0.734615 0.848077 0.182692 0.167308
110 0.441827 0.915865 0.237500 0.137500
386 0.283173 0.567308 0.304808 0.384615
