196 0.411085 0.431713 0.803695 0.613426
464 0.262125 0.386574 0.127021 0.101852
464 0.121247 0.493056 0.108545 0.106481
464 0.297921 0.619213 0.152425 0.141204
464 0.563510 0.230324 0.092379 0.090278
464 0.630485 0.319444 0.078522 0.087963
464 0.650115 0.583333 0.131640 0.101852
464 0.510393 0.494213 0.147806 0.122685
464 0.518476 0.708333 0.177829 0.129630
386 0.556582 0.613426 0.471132 0.541667
161 0.592379 0.535880 0.108545 0.076389
161 0.454965 0.486111 0.050808 0.069444
197 0.659353 0.460648 0.154734 0.129630
