260 0.260599 0.554863 0.406484 0.541147
93 0.446384 0.236908 0.074813 0.054863
93 0.345387 0.546135 0.386534 0.568579
93 0.029925 0.500000 0.044888 0.082294
142 0.209476 0.436409 0.189526 0.209476
142 0.430175 0.359102 0.107232 0.229426
142 0.155860 0.657107 0.226933 0.137157
142 0.296758 0.726933 0.119701 0.052369
142 0.058603 0.534913 0.067332 0.057357
142 0.228180 0.817955 0.082294 0.059850
142 0.446384 0.729426 0.059850 0.052369
142 0.399002 0.900249 0.069825 0.054863
318 0.678304 0.610973 0.598504 0.768080
310 0.704489 0.593516 0.421446 0.613466
