118 0.564149 0.322542 0.372902 0.177458
118 0.184652 0.446643 0.237410 0.219424
118 0.314149 0.591127 0.541966 0.225420
118 0.707434 0.517386 0.232614 0.147482
118 0.589329 0.785372 0.267386 0.218225
464 0.415468 0.246403 0.315348 0.219424
464 0.200240 0.565348 0.050360 0.092326
464 0.065348 0.702638 0.099520 0.112710
464 0.443645 0.726619 0.179856 0.129496
464 0.684652 0.612710 0.227818 0.141487
464 0.706835 0.376499 0.097122 0.155875
469 0.389089 0.483813 0.257794 0.149880
469 0.223022 0.736211 0.124700 0.160671
469 0.528177 0.726619 0.159472 0.165468
