176 0.329736 0.319544 0.424460 0.406475
443 0.816547 0.504197 0.117506 0.085132
443 0.826739 0.736811 0.217026 0.209832
443 0.775779 0.327338 0.155875 0.107914
443 0.458034 0.865108 0.184652 0.161871
443 0.247002 0.754796 0.098321 0.082734
36 0.604317 0.431655 0.218225 0.115108
36 0.296763 0.627698 0.272182 0.157074
36 0.573141 0.684053 0.143885 0.214628
36 0.331535 0.760192 0.082734 0.163070
36 0.784173 0.664868 0.131894 0.193046
36 0.610911 0.840528 0.089928 0.057554
36 0.731415 0.287770 0.062350 0.052758
