494 0.435705 0.506234 0.841448 0.925187
469 0.481898 0.400249 0.177278 0.107232
469 0.252809 0.255611 0.146067 0.082294
469 0.317104 0.804239 0.082397 0.079800
469 0.702871 0.750623 0.039950 0.082294
469 0.172285 0.387781 0.074906 0.082294
176 0.345818 0.600998 0.114856 0.069825
176 0.715980 0.301122 0.121099 0.225686
176 0.590512 0.762469 0.144819 0.178304
176 0.413233 0.846633 0.119850 0.254364
338 0.147316 0.735037 0.149813 0.143392
338 0.385768 0.556110 0.079900 0.149626
338 0.259051 0.205112 0.093633 0.073566
338 0.142322 0.302993 0.059925 0.092269
338 0.499376 0.191397 0.062422 0.225686
