178 0.754364 0.376250 0.356608 0.312500
93 0.316708 0.325000 0.543641 0.300000
439 0.431421 0.640000 0.528678 0.400000
116 0.113466 0.633750 0.216958 0.332500
386 0.517456 0.116250 0.586035 0.222500
364 0.913965 0.498750 0.157107 0.232500
42 0.831671 0.708750 0.097257 0.172500
42 0.648379 0.876250 0.079800 0.087500
42 0.705736 0.625000 0.054863 0.040000
35 0.422693 0.538750 0.127182 0.087500
35 0.098504 0.532500 0.177057 0.150000
35 0.235661 0.715000 0.261845 0.170000
431 0.592269 0.365000 0.351621 0.190000
