464 0.483791 0.200000 0.174564 0.240000
464 0.269327 0.305000 0.159601 0.205000
464 0.473815 0.542500 0.159601 0.240000
464 0.658354 0.332500 0.109726 0.115000
464 0.295511 0.713750 0.187032 0.182500
186 0.339152 0.317500 0.344140 0.505000
186 0.639651 0.228750 0.211970 0.177500
186 0.608479 0.532500 0.234414 0.305000
186 0.274314 0.851250 0.164589 0.222500
186 0.349127 0.672500 0.144638 0.160000
186 0.645885 0.917500 0.134663 0.060000
387 0.480050 0.463750 0.266833 0.357500
387 0.260599 0.531250 0.286783 0.232500
387 0.152120 0.786250 0.064838 0.127500
387 0.450125 0.912500 0.301746 0.120000
434 0.593516 0.432500 0.179551 0.120000
434 0.645885 0.801250 0.154613 0.177500
434 0.350374 0.700000 0.127182 0.140000
434 0.140898 0.607500 0.072319 0.170000
