304 0.488770 0.516026 0.645989 0.683761
464 0.629947 0.737714 0.192513 0.086538
464 0.357219 0.482906 0.102674 0.173077
464 0.566845 0.602564 0.057754 0.027778
161 0.436898 0.583868 0.086631 0.114316
161 0.290909 0.442842 0.044920 0.122863
161 0.552941 0.471154 0.074866 0.059829
161 0.489840 0.729167 0.072727 0.065171
161 0.755080 0.669872 0.057754 0.072650
161 0.564171 0.647436 0.097326 0.072650
386 0.350267 0.367521 0.390374 0.307692
386 0.658289 0.525107 0.214973 0.122863
145 0.463102 0.497863 0.496257 0.487179
464 0.361497 0.479167 0.102674 0.180556
464 0.634225 0.727564 0.222460 0.113248
161 0.279144 0.436432 0.062032 0.139957
161 0.440642 0.641560 0.156150 0.244658
161 0.757219 0.675214 0.047059 0.047009
386 0.464171 0.401709 0.177540 0.220085
386 0.673797 0.557692 0.265241 0.211538
145 0.402674 0.405449 0.315508 0.332265
145 0.617112 0.610577 0.248128 0.257479
