464 0.324064 0.409188 0.072727 0.059829
464 0.342246 0.492521 0.072727 0.076923
464 0.671123 0.496261 0.155080 0.139957
464 0.470588 0.642628 0.085561 0.112179
464 0.540642 0.748932 0.054545 0.100427
161 0.679679 0.349893 0.112299 0.082265
161 0.751337 0.663996 0.095187 0.184829
161 0.437968 0.555021 0.475936 0.377137
161 0.504278 0.772970 0.063102 0.097222
161 0.359358 0.661859 0.106952 0.050214
161 0.511765 0.603098 0.037433 0.082265
315 0.579144 0.629274 0.418182 0.410256
315 0.419251 0.328526 0.188235 0.184829
315 0.421925 0.546474 0.223529 0.189103
384 0.739572 0.508013 0.262032 0.392094
