369 0.509766 0.343262 0.962891 0.573242
369 0.330566 0.615723 0.264648 0.272461
35 0.295410 0.564453 0.495117 0.234375
35 0.228027 0.264648 0.290039 0.355469
35 0.802246 0.238281 0.327148 0.187500
35 0.070801 0.949707 0.120117 0.094727
496 0.817383 0.728027 0.322266 0.202148
496 0.614746 0.901855 0.192383 0.149414
496 0.117188 0.330566 0.097656 0.166992
496 0.380859 0.453125 0.189453 0.232422
496 0.151855 0.832031 0.137695 0.175781
178 0.616211 0.368164 0.169922 0.152344
178 0.780762 0.543457 0.114258 0.166992
