483 0.466498 0.489241 0.857143 0.786076
414 0.553097 0.420253 0.284450 0.377215
414 0.881795 0.281013 0.168142 0.144304
186 0.274336 0.498101 0.088496 0.107595
186 0.405815 0.179114 0.149178 0.107595
186 0.179520 0.333544 0.058154 0.059494
186 0.737674 0.204430 0.084703 0.087342
186 0.593552 0.704430 0.099874 0.110127
186 0.889381 0.575316 0.092288 0.173418
436 0.738938 0.281013 0.127686 0.091139
436 0.907080 0.505063 0.097345 0.098734
436 0.214286 0.539873 0.122630 0.112658
436 0.319216 0.170886 0.082174 0.065823
398 0.339444 0.822152 0.077118 0.069620
398 0.914665 0.472785 0.092288 0.062025
