341 0.498922 0.512931 0.976293 0.853448
289 0.467672 0.431034 0.150862 0.142241
289 0.329741 0.288793 0.237069 0.116379
289 0.255388 0.550647 0.196121 0.342672
289 0.578664 0.303879 0.101293 0.112069
289 0.661638 0.195043 0.090517 0.075431
289 0.755388 0.392241 0.204741 0.159483
289 0.826509 0.606681 0.165948 0.178879
289 0.496767 0.671336 0.256466 0.247845
289 0.604526 0.705819 0.058190 0.075431
42 0.325431 0.381466 0.168103 0.146552
42 0.658405 0.536638 0.191810 0.137931
42 0.778017 0.330819 0.116379 0.144397
42 0.695043 0.756466 0.243534 0.077586
42 0.160560 0.572198 0.161638 0.170259
