340 0.496094 0.555664 0.945312 0.875000
225 0.233887 0.500977 0.245117 0.240234
225 0.289551 0.295410 0.147461 0.155273
225 0.427246 0.216797 0.057617 0.072266
225 0.738281 0.364258 0.429688 0.382812
225 0.729980 0.650391 0.237305 0.259766
225 0.441895 0.738281 0.237305 0.269531
387 0.502441 0.478027 0.407227 0.309570
310 0.504395 0.268066 0.532227 0.334961
310 0.153809 0.490723 0.254883 0.200195
310 0.494629 0.802246 0.172852 0.272461
310 0.720703 0.651855 0.150391 0.217773
310 0.859863 0.444336 0.102539 0.152344
289 0.617188 0.790527 0.162109 0.280273
289 0.542480 0.543457 0.067383 0.075195
289 0.239746 0.324219 0.067383 0.162109
289 0.722656 0.540527 0.107422 0.055664
