372 0.434082 0.466797 0.741211 0.841797
463 0.323242 0.648438 0.095703 0.099609
463 0.633301 0.495605 0.104492 0.084961
463 0.679688 0.231934 0.072266 0.096680
326 0.313477 0.424316 0.330078 0.288086
292 0.626953 0.437012 0.466797 0.717773
292 0.188477 0.520996 0.195312 0.120117
292 0.194824 0.066895 0.202148 0.051758
195 0.597168 0.513184 0.202148 0.090820
195 0.520508 0.260254 0.294922 0.209961
195 0.420898 0.046875 0.144531 0.037109
195 0.760742 0.455566 0.115234 0.129883
195 0.443359 0.730469 0.179688 0.269531
