290 0.454071 0.630480 0.649269 0.517745
125 0.468685 0.652401 0.661795 0.532359
20 0.246347 0.643006 0.146138 0.137787
20 0.387265 0.422756 0.114823 0.052192
20 0.535491 0.698330 0.135699 0.085595
20 0.530271 0.551148 0.283925 0.125261
20 0.578288 0.831942 0.250522 0.114823
290 0.399791 0.780793 0.394572 0.263048
20 0.233820 0.643006 0.158664 0.137787
20 0.391441 0.425887 0.102296 0.062630
20 0.556367 0.612735 0.327766 0.256785
20 0.593946 0.834029 0.302714 0.156576
125 0.464509 0.644050 0.645094 0.528184
290 0.454071 0.649269 0.624217 0.526096
125 0.443633 0.644050 0.640919 0.524008
20 0.239040 0.641962 0.144050 0.135699
20 0.550104 0.624217 0.331942 0.258873
20 0.414405 0.431106 0.118998 0.064718
290 0.454071 0.630480 0.649269 0.517745
20 0.233820 0.648225 0.154489 0.156576
20 0.409186 0.422756 0.150313 0.073069
20 0.560543 0.609603 0.377871 0.250522
125 0.455115 0.636743 0.613779 0.526096
