386 0.500000 0.511129 0.958665 0.898251
355 0.464229 0.656598 0.861685 0.578696
355 0.220191 0.317965 0.265501 0.213037
355 0.581876 0.335453 0.642289 0.502385
439 0.346582 0.375994 0.111288 0.087440
439 0.085056 0.196343 0.084261 0.074722
439 0.391892 0.069952 0.096979 0.057234
42 0.523052 0.413355 0.111288 0.073132
42 0.201908 0.425278 0.162162 0.096979
311 0.787758 0.549285 0.379968 0.198728
311 0.546105 0.379173 0.170111 0.109698
311 0.634340 0.816375 0.101749 0.109698
311 0.133545 0.924483 0.117647 0.100159
