480 0.394486 0.434783 0.559915 0.589608
480 0.392895 0.420997 0.537646 0.562036
480 0.397137 0.425769 0.535525 0.622481
480 0.400848 0.424708 0.542948 0.605514
480 0.404560 0.423118 0.510074 0.642630
480 0.401909 0.427359 0.530223 0.615058
480 0.401909 0.433192 0.545069 0.618240
480 0.411983 0.423118 0.520679 0.627784
480 0.404560 0.419406 0.537646 0.605514
480 0.408271 0.427359 0.545069 0.615058
480 0.401909 0.427890 0.528102 0.607635
480 0.397137 0.439555 0.522800 0.624602
480 0.401909 0.443266 0.536585 0.602333
480 0.413043 0.443266 0.554613 0.629905
480 0.401909 0.431071 0.532344 0.607635
480 0.399258 0.453340 0.552492 0.618240
