103 0.421875 0.772917 0.114583 0.129167
103 0.498958 0.798958 0.064583 0.114583
103 0.634375 0.742708 0.106250 0.143750
103 0.753125 0.681250 0.081250 0.100000
103 0.829167 0.625000 0.154167 0.075000
103 0.890625 0.496875 0.152083 0.093750
103 0.741667 0.445833 0.133333 0.108333
103 0.654167 0.445833 0.104167 0.108333
103 0.537500 0.489583 0.100000 0.112500
103 0.478125 0.560417 0.127083 0.083333
103 0.432292 0.606250 0.147917 0.050000
103 0.382292 0.681250 0.127083 0.100000
358 0.504167 0.761458 0.179167 0.185417
358 0.698958 0.710417 0.131250 0.137500
358 0.786458 0.648958 0.181250 0.114583
358 0.843750 0.577083 0.200000 0.050000
358 0.836458 0.467708 0.281250 0.147917
358 0.698958 0.442708 0.118750 0.093750
358 0.594792 0.475000 0.060417 0.108333
358 0.516667 0.527083 0.108333 0.062500
358 0.427083 0.628125 0.162500 0.047917
358 0.385417 0.702083 0.195833 0.112500
464 0.612500 0.578125 0.225000 0.147917
300 0.260417 0.556250 0.108333 0.075000
