181 0.536534 0.468685 0.317328 0.177453
181 0.536534 0.468685 0.317328 0.177453
181 0.536534 0.468685 0.317328 0.177453
181 0.536534 0.468685 0.317328 0.177453
181 0.533403 0.576200 0.331942 0.392484
181 0.536534 0.468685 0.317328 0.177453
181 0.536534 0.468685 0.317328 0.177453
181 0.515658 0.593946 0.329854 0.436326
181 0.536534 0.468685 0.317328 0.177453
378 0.536534 0.468685 0.317328 0.177453
181 0.549061 0.469729 0.359081 0.187891
181 0.550104 0.496868 0.319415 0.204593
181 0.551148 0.480167 0.296451 0.217119
181 0.540710 0.553236 0.371608 0.371608
181 0.505219 0.582463 0.346555 0.392484
181 0.554280 0.580376 0.348643 0.371608
181 0.515658 0.577244 0.342380 0.415449
181 0.507307 0.574113 0.392484 0.400835
181 0.522965 0.505219 0.286013 0.275574
136 0.526096 0.577244 0.354906 0.365344
181 0.529228 0.581420 0.348643 0.415449
136 0.511482 0.591858 0.346555 0.415449
181 0.540710 0.562630 0.329854 0.382046
181 0.512526 0.565762 0.344468 0.388309
181 0.546973 0.586639 0.388309 0.409186
181 0.532359 0.555324 0.392484 0.346555
181 0.541754 0.574113 0.352818 0.430063
181 0.534447 0.573069 0.292276 0.386221
181 0.519833 0.576200 0.334029 0.409186
181 0.510438 0.561587 0.356994 0.375783
181 0.510438 0.567850 0.369520 0.446764
181 0.529228 0.585595 0.340292 0.365344
181 0.537578 0.566806 0.348643 0.398747
181 0.514614 0.561587 0.344468 0.413361
181 0.540710 0.562630 0.367432 0.423800
181 0.524008 0.580376 0.388309 0.371608
181 0.525052 0.592902 0.361169 0.421712
181 0.514614 0.573069 0.365344 0.402923
181 0.513570 0.583507 0.379958 0.382046
