480 0.476987 0.328452 0.640167 0.326360
480 0.476987 0.328452 0.640167 0.326360
480 0.476987 0.328452 0.640167 0.326360
480 0.476987 0.328452 0.640167 0.326360
480 0.476987 0.328452 0.640167 0.326360
480 0.476987 0.328452 0.640167 0.326360
480 0.476987 0.328452 0.640167 0.326360
480 0.476987 0.328452 0.640167 0.326360
480 0.465481 0.468619 0.767782 0.644351
480 0.509414 0.464435 0.805439 0.665272
480 0.476987 0.328452 0.640167 0.326360
480 0.476987 0.328452 0.640167 0.326360
480 0.469665 0.459205 0.700837 0.629707
480 0.450837 0.462343 0.767782 0.631799
480 0.476987 0.328452 0.640167 0.326360
480 0.482218 0.444561 0.822176 0.638075
480 0.470711 0.468619 0.774059 0.652720
