480 0.426729 0.489449 0.271981 0.800703
480 0.433177 0.488277 0.266120 0.772567
480 0.426729 0.487104 0.271981 0.774912
480 0.423212 0.485932 0.260258 0.812427
480 0.443142 0.486518 0.286049 0.790152
480 0.435522 0.493552 0.270809 0.792497
480 0.437280 0.496483 0.297773 0.774912
480 0.407972 0.492966 0.269637 0.781946
480 0.437866 0.497069 0.249707 0.799531
480 0.415006 0.491794 0.260258 0.819461
480 0.423212 0.488277 0.257913 0.781946
480 0.427902 0.484174 0.271981 0.790152
480 0.420868 0.492966 0.293083 0.781946
480 0.420281 0.543376 0.277843 0.706917
480 0.428488 0.538101 0.242673 0.668230
