136 0.559375 0.383090 0.447917 0.336117
136 0.559375 0.383090 0.443750 0.336117
136 0.559375 0.383090 0.443750 0.336117
136 0.559375 0.383090 0.443750 0.336117
136 0.559375 0.383090 0.443750 0.336117
136 0.564583 0.403967 0.445833 0.369520
136 0.566667 0.379958 0.450000 0.346555
136 0.583333 0.386221 0.479167 0.350731
136 0.558333 0.396660 0.445833 0.300626
136 0.559375 0.383090 0.443750 0.336117
136 0.566667 0.377871 0.420833 0.363257
136 0.573958 0.401879 0.472917 0.373695
136 0.559375 0.420668 0.468750 0.352818
136 0.557292 0.401879 0.439583 0.340292
136 0.571875 0.433194 0.452083 0.377871
