480 0.485684 0.555673 0.485684 0.702015
480 0.485684 0.555673 0.485684 0.702015
480 0.485684 0.555673 0.485684 0.702015
480 0.485684 0.555673 0.485684 0.702015
480 0.485684 0.555673 0.485684 0.702015
480 0.485684 0.555673 0.485684 0.702015
480 0.485684 0.555673 0.485684 0.702015
480 0.485684 0.555673 0.485684 0.702015
480 0.485684 0.555673 0.485684 0.702015
480 0.485684 0.555673 0.485684 0.702015
480 0.485684 0.555673 0.485684 0.702015
480 0.485684 0.555673 0.485684 0.702015
480 0.495228 0.554083 0.487805 0.745493
480 0.485684 0.555673 0.485684 0.702015
480 0.485684 0.555673 0.485684 0.702015
480 0.485684 0.555673 0.485684 0.702015
480 0.485684 0.555673 0.485684 0.702015
480 0.485684 0.555673 0.485684 0.702015
480 0.485684 0.555673 0.485684 0.702015
480 0.485684 0.555673 0.485684 0.702015
480 0.485684 0.555673 0.485684 0.702015
480 0.485684 0.555673 0.485684 0.702015
480 0.485684 0.555673 0.485684 0.702015
480 0.485684 0.555673 0.485684 0.702015
480 0.485684 0.555673 0.485684 0.702015
480 0.485684 0.555673 0.485684 0.702015
480 0.485684 0.555673 0.485684 0.702015
480 0.485684 0.555673 0.485684 0.702015
480 0.485684 0.555673 0.485684 0.702015
480 0.485684 0.555673 0.485684 0.702015
480 0.485684 0.555673 0.485684 0.702015
480 0.485684 0.555673 0.485684 0.702015
480 0.485684 0.555673 0.485684 0.702015
480 0.485684 0.555673 0.485684 0.702015
480 0.485684 0.555673 0.485684 0.702015
480 0.485684 0.555673 0.485684 0.702015
480 0.485684 0.555673 0.485684 0.702015
480 0.485684 0.555673 0.485684 0.702015
480 0.485684 0.555673 0.485684 0.702015
480 0.485684 0.555673 0.485684 0.702015
480 0.485684 0.555673 0.485684 0.702015
480 0.485684 0.555673 0.485684 0.702015
480 0.485684 0.555673 0.485684 0.702015
480 0.485684 0.555673 0.485684 0.702015
480 0.485684 0.555673 0.485684 0.702015
480 0.485684 0.555673 0.485684 0.702015
480 0.485684 0.555673 0.485684 0.702015
480 0.485684 0.555673 0.485684 0.702015
480 0.485684 0.555673 0.485684 0.702015
480 0.485684 0.555673 0.485684 0.702015
480 0.485684 0.555673 0.485684 0.702015
480 0.485684 0.555673 0.485684 0.702015
480 0.485684 0.555673 0.485684 0.702015
480 0.485684 0.555673 0.485684 0.702015
480 0.485684 0.555673 0.485684 0.702015
480 0.485684 0.555673 0.485684 0.702015
480 0.485684 0.555673 0.485684 0.702015
480 0.485684 0.555673 0.485684 0.702015
480 0.485684 0.555673 0.485684 0.702015
480 0.485684 0.555673 0.485684 0.702015
480 0.485684 0.555673 0.485684 0.702015
480 0.485684 0.555673 0.485684 0.702015
480 0.485684 0.555673 0.485684 0.702015
480 0.485684 0.555673 0.485684 0.702015
480 0.485684 0.555673 0.485684 0.702015
480 0.485684 0.555673 0.485684 0.702015
480 0.485684 0.555673 0.485684 0.702015
480 0.485684 0.555673 0.485684 0.702015
480 0.485684 0.555673 0.485684 0.702015
480 0.485684 0.555673 0.485684 0.702015
480 0.485684 0.555673 0.485684 0.702015
