480 0.530207 0.124006 0.360890 0.139905
480 0.530207 0.124006 0.360890 0.139905
480 0.519078 0.414944 0.408585 0.620032
480 0.518283 0.420509 0.410175 0.567568
480 0.531002 0.455485 0.406995 0.643879
480 0.530207 0.124006 0.360890 0.139905
480 0.535771 0.451510 0.394277 0.639110
480 0.532591 0.440382 0.410175 0.632750
480 0.536566 0.440382 0.386328 0.661367
480 0.521463 0.436407 0.406995 0.605723
480 0.530207 0.124006 0.360890 0.139905
480 0.517488 0.426073 0.395866 0.655008
480 0.510334 0.461844 0.394277 0.666137
