32 0.460417 0.506250 0.629167 0.875000
32 0.460417 0.506250 0.629167 0.875000
32 0.460417 0.506250 0.629167 0.875000
32 0.460417 0.506250 0.629167 0.875000
32 0.460417 0.506250 0.629167 0.875000
32 0.460417 0.506250 0.629167 0.875000
32 0.460417 0.506250 0.629167 0.875000
32 0.460417 0.506250 0.629167 0.875000
32 0.460417 0.506250 0.629167 0.875000
32 0.460417 0.506250 0.629167 0.875000
32 0.460417 0.506250 0.629167 0.875000
32 0.460417 0.506250 0.629167 0.875000
32 0.460417 0.506250 0.629167 0.875000
32 0.460417 0.506250 0.629167 0.875000
32 0.460417 0.506250 0.629167 0.875000
