306 0.524008 0.323591 0.367432 0.317328
306 0.578288 0.699374 0.388309 0.409186
306 0.526096 0.340292 0.346555 0.308977
306 0.572025 0.701461 0.354906 0.325678
306 0.519833 0.314196 0.379958 0.298539
306 0.553236 0.686848 0.363257 0.354906
306 0.517745 0.543841 0.450939 0.749478
306 0.540710 0.543841 0.442589 0.716075
306 0.541754 0.548017 0.448852 0.703549
306 0.551148 0.533403 0.342380 0.695198
306 0.568894 0.665971 0.348643 0.350731
306 0.519833 0.299582 0.346555 0.269311
306 0.517745 0.321503 0.350731 0.296451
306 0.577244 0.733820 0.369520 0.419624
306 0.557411 0.557411 0.405010 0.726514
306 0.545929 0.526096 0.394572 0.705637
