136 0.561637 0.429487 0.434911 0.249507
136 0.561637 0.429487 0.434911 0.249507
136 0.561637 0.429487 0.434911 0.249507
136 0.561637 0.429487 0.434911 0.249507
136 0.561637 0.429487 0.434911 0.249507
136 0.561637 0.429487 0.434911 0.249507
136 0.561637 0.429487 0.434911 0.249507
136 0.561637 0.429487 0.434911 0.249507
136 0.561637 0.429487 0.434911 0.249507
136 0.561637 0.429487 0.434911 0.249507
136 0.561637 0.429487 0.434911 0.249507
136 0.561637 0.429487 0.434911 0.249507
136 0.561637 0.429487 0.434911 0.249507
136 0.561637 0.429487 0.434911 0.249507
136 0.561637 0.429487 0.434911 0.249507
136 0.561637 0.429487 0.434911 0.249507
136 0.561637 0.429487 0.434911 0.249507
136 0.561637 0.429487 0.434911 0.249507
136 0.561637 0.429487 0.434911 0.249507
136 0.561637 0.429487 0.434911 0.249507
136 0.561637 0.429487 0.434911 0.249507
136 0.561637 0.429487 0.434911 0.249507
136 0.561637 0.429487 0.434911 0.249507
136 0.561637 0.429487 0.434911 0.249507
136 0.561637 0.429487 0.434911 0.249507
136 0.561637 0.429487 0.434911 0.249507
136 0.561637 0.429487 0.434911 0.249507
136 0.561637 0.429487 0.434911 0.249507
136 0.561637 0.429487 0.434911 0.249507
136 0.561637 0.429487 0.434911 0.249507
136 0.561637 0.429487 0.434911 0.249507
