480 0.537578 0.567850 0.670146 0.693111
480 0.537578 0.535491 0.628392 0.678497
480 0.556367 0.580376 0.649269 0.622129
480 0.554280 0.582463 0.628392 0.726514
480 0.525052 0.584551 0.645094 0.597077
480 0.577244 0.533403 0.607516 0.657620
480 0.519833 0.587683 0.609603 0.686848
480 0.548017 0.574113 0.695198 0.739040
480 0.542797 0.579332 0.605428 0.649269
480 0.533403 0.573069 0.661795 0.636743
480 0.560543 0.553236 0.670146 0.684760
480 0.566806 0.542797 0.703549 0.739040
480 0.535491 0.580376 0.624217 0.688935
480 0.510438 0.563674 0.628392 0.713987
480 0.538622 0.586639 0.672234 0.730689
480 0.541754 0.584551 0.632568 0.755741
480 0.522965 0.574113 0.594990 0.713987
480 0.552192 0.535491 0.720251 0.678497
480 0.521921 0.535491 0.651357 0.728601
480 0.537578 0.570981 0.620042 0.645094
480 0.522965 0.579332 0.691023 0.741127
480 0.539666 0.560543 0.603340 0.678497
