480 0.529891 0.496736 0.627174 0.684440
480 0.529891 0.496736 0.627174 0.684440
480 0.529891 0.496736 0.627174 0.684440
480 0.529891 0.496736 0.627174 0.684440
480 0.529891 0.496736 0.627174 0.684440
480 0.529891 0.496736 0.627174 0.684440
480 0.529891 0.496736 0.627174 0.684440
480 0.529891 0.496736 0.627174 0.684440
480 0.529891 0.496736 0.627174 0.684440
480 0.526087 0.559304 0.602174 0.631121
480 0.529891 0.496736 0.627174 0.684440
480 0.529891 0.496736 0.627174 0.684440
480 0.529891 0.496736 0.627174 0.684440
480 0.529891 0.496736 0.627174 0.684440
480 0.529891 0.496736 0.627174 0.684440
480 0.529891 0.496736 0.627174 0.684440
480 0.529891 0.496736 0.627174 0.684440
480 0.529891 0.496736 0.627174 0.684440
480 0.529891 0.496736 0.627174 0.684440
480 0.529891 0.496736 0.627174 0.684440
480 0.529891 0.496736 0.627174 0.684440
480 0.529891 0.496736 0.627174 0.684440
480 0.529891 0.496736 0.627174 0.684440
480 0.529891 0.496736 0.627174 0.684440
480 0.529891 0.496736 0.627174 0.684440
480 0.529891 0.496736 0.627174 0.684440
480 0.529891 0.496736 0.627174 0.684440
480 0.529891 0.496736 0.627174 0.684440
480 0.529891 0.496736 0.627174 0.684440
480 0.529891 0.496736 0.627174 0.684440
480 0.529891 0.496736 0.627174 0.684440
480 0.529891 0.496736 0.627174 0.684440
480 0.529891 0.496736 0.627174 0.684440
480 0.529891 0.496736 0.627174 0.684440
480 0.529891 0.496736 0.627174 0.684440
480 0.529891 0.496736 0.627174 0.684440
480 0.529891 0.496736 0.627174 0.684440
480 0.529891 0.496736 0.627174 0.684440
480 0.529891 0.496736 0.627174 0.684440
480 0.529891 0.496736 0.627174 0.684440
480 0.529891 0.496736 0.627174 0.684440
480 0.529891 0.496736 0.627174 0.684440
480 0.529891 0.496736 0.627174 0.684440
480 0.529891 0.496736 0.627174 0.684440
480 0.529891 0.496736 0.627174 0.684440
480 0.529891 0.496736 0.627174 0.684440
480 0.528261 0.557127 0.536957 0.611534
480 0.521739 0.543526 0.600000 0.623504
480 0.529891 0.496736 0.627174 0.684440
480 0.529891 0.496736 0.627174 0.684440
480 0.529891 0.496736 0.627174 0.684440
480 0.529891 0.496736 0.627174 0.684440
480 0.529891 0.496736 0.627174 0.684440
480 0.529891 0.496736 0.627174 0.684440
480 0.529891 0.496736 0.627174 0.684440
480 0.529891 0.496736 0.627174 0.684440
480 0.529891 0.496736 0.627174 0.684440
480 0.529891 0.496736 0.627174 0.684440
480 0.529891 0.496736 0.627174 0.684440
480 0.529891 0.496736 0.627174 0.684440
480 0.529891 0.496736 0.627174 0.684440
480 0.529891 0.496736 0.627174 0.684440
480 0.529891 0.496736 0.627174 0.684440
480 0.529891 0.496736 0.627174 0.684440
480 0.529891 0.496736 0.627174 0.684440
480 0.529891 0.496736 0.627174 0.684440
480 0.529891 0.496736 0.627174 0.684440
480 0.529891 0.496736 0.627174 0.684440
480 0.529891 0.496736 0.627174 0.684440
480 0.529891 0.496736 0.627174 0.684440
480 0.529891 0.496736 0.627174 0.684440
480 0.529891 0.496736 0.627174 0.684440
480 0.529891 0.496736 0.627174 0.684440
480 0.529891 0.496736 0.627174 0.684440
