340 0.497655 0.536342 0.971864 0.842907
223 0.495311 0.625440 0.770223 0.662368
10 0.698124 0.306565 0.130129 0.134818
10 0.359320 0.315358 0.167644 0.192263
10 0.284877 0.571512 0.152403 0.099648
10 0.690504 0.603165 0.180539 0.071512
42 0.582063 0.252052 0.127784 0.124267
42 0.361665 0.410903 0.277843 0.123095
42 0.379836 0.675264 0.077374 0.077374
42 0.779601 0.390973 0.082063 0.087925
42 0.885698 0.647714 0.184056 0.097304
295 0.494138 0.287222 0.216882 0.220399
295 0.872802 0.350528 0.090270 0.178195
295 0.210434 0.499414 0.249707 0.300117
295 0.294256 0.740914 0.143025 0.107855
295 0.877491 0.689332 0.207503 0.135991
