480 0.481442 0.429480 0.839873 0.793213
480 0.481442 0.429480 0.839873 0.793213
480 0.481442 0.429480 0.839873 0.793213
480 0.481442 0.429480 0.839873 0.793213
480 0.481442 0.429480 0.839873 0.793213
480 0.481442 0.429480 0.839873 0.793213
480 0.481442 0.429480 0.839873 0.793213
480 0.481442 0.429480 0.839873 0.793213
480 0.481442 0.429480 0.839873 0.793213
480 0.481442 0.429480 0.839873 0.793213
480 0.481442 0.429480 0.839873 0.793213
480 0.481442 0.429480 0.839873 0.793213
480 0.481442 0.429480 0.839873 0.793213
480 0.481442 0.429480 0.839873 0.793213
480 0.481442 0.429480 0.839873 0.793213
