355 0.715761 0.155060 0.196739 0.177367
355 0.260870 0.243199 0.228261 0.192601
104 0.408152 0.490751 0.677174 0.417845
329 0.810870 0.316649 0.147826 0.204570
162 0.653261 0.367791 0.247826 0.282916
355 0.698370 0.147987 0.192391 0.198041
355 0.269565 0.221436 0.195652 0.194777
104 0.435870 0.501632 0.671739 0.520131
162 0.680978 0.379217 0.288043 0.294886
104 0.407065 0.480958 0.685870 0.467900
355 0.696739 0.135473 0.230435 0.207835
355 0.257065 0.231230 0.305435 0.225245
162 0.683152 0.369423 0.272826 0.279652
329 0.789674 0.317737 0.155435 0.198041
355 0.691848 0.155060 0.244565 0.207835
355 0.278261 0.233950 0.252174 0.215452
104 0.408152 0.507073 0.657609 0.515778
162 0.658152 0.364527 0.303261 0.350381
329 0.785326 0.326442 0.142391 0.184984
104 0.407065 0.478237 0.646739 0.403700
355 0.481522 0.180087 0.617391 0.292709
162 0.664674 0.381937 0.242391 0.295974
329 0.782065 0.319369 0.157609 0.214363
329 0.805435 0.313928 0.147826 0.175190
