340 0.492577 0.500530 0.891835 0.655355
2 0.340933 0.385472 0.382821 0.088017
2 0.616649 0.460764 0.609756 0.571580
445 0.501060 0.480912 0.732768 0.577943
42 0.381760 0.466066 0.099682 0.077413
42 0.288441 0.296925 0.086957 0.125133
42 0.544539 0.309650 0.085896 0.084836
42 0.744433 0.319724 0.074231 0.104984
42 0.163309 0.598091 0.116649 0.127253
42 0.523330 0.596501 0.132556 0.230117
42 0.688229 0.521739 0.163309 0.084836
42 0.149523 0.580594 0.110286 0.102863
42 0.378049 0.458112 0.107105 0.093319
42 0.309650 0.293213 0.125133 0.158006
42 0.529692 0.308590 0.130435 0.097561
42 0.586957 0.578473 0.194062 0.217391
42 0.698303 0.322375 0.151644 0.084836
445 0.484624 0.492047 0.755037 0.604454
2 0.537116 0.460764 0.760339 0.577943
340 0.485684 0.494698 0.886532 0.690350
