136 0.411765 0.629571 0.311606 0.343402
136 0.296502 0.500795 0.011129 0.006359
136 0.411765 0.629571 0.311606 0.343402
136 0.296502 0.500795 0.011129 0.006359
136 0.411765 0.629571 0.311606 0.343402
136 0.296502 0.500795 0.011129 0.006359
136 0.411765 0.629571 0.311606 0.343402
136 0.296502 0.500795 0.011129 0.006359
135 0.411765 0.629571 0.311606 0.343402
135 0.296502 0.500795 0.011129 0.006359
136 0.411765 0.629571 0.311606 0.343402
136 0.296502 0.500795 0.011129 0.006359
181 0.411765 0.629571 0.311606 0.343402
181 0.296502 0.500795 0.011129 0.006359
136 0.430048 0.612878 0.367250 0.386328
136 0.439587 0.595390 0.335453 0.402226
136 0.434022 0.612878 0.394277 0.418124
136 0.418124 0.593800 0.337043 0.405405
136 0.432432 0.602544 0.352941 0.422893
136 0.414944 0.630366 0.352941 0.392687
136 0.432432 0.621622 0.372019 0.384738
136 0.415739 0.605723 0.322734 0.372019
136 0.441971 0.607313 0.365660 0.362480
136 0.428458 0.606518 0.297297 0.395866
136 0.438792 0.625596 0.365660 0.392687
136 0.418124 0.624006 0.387917 0.424483
136 0.429253 0.616852 0.365660 0.403816
136 0.427663 0.644674 0.308426 0.405405
136 0.411765 0.629571 0.311606 0.343402
136 0.296502 0.500795 0.011129 0.006359
136 0.431638 0.636725 0.338633 0.440382
136 0.406200 0.609698 0.367250 0.411765
136 0.447536 0.605723 0.364070 0.397456
136 0.431638 0.593800 0.427663 0.351351
136 0.395866 0.603339 0.305246 0.440382
136 0.403816 0.578696 0.372019 0.438792
136 0.415739 0.610493 0.348172 0.372019
136 0.410175 0.616852 0.387917 0.403816
136 0.436407 0.601749 0.411765 0.430843
136 0.410970 0.608108 0.319555 0.386328
