482 0.681240 0.486486 0.472178 0.429253
257 0.223370 0.620827 0.370429 0.376789
480 0.674086 0.503180 0.435612 0.418124
482 0.661367 0.503180 0.470588 0.443561
257 0.223370 0.620827 0.370429 0.376789
257 0.223370 0.620827 0.370429 0.376789
482 0.680445 0.465819 0.441971 0.432432
257 0.223370 0.620827 0.370429 0.376789
257 0.223370 0.620827 0.370429 0.376789
257 0.223370 0.620827 0.370429 0.376789
257 0.223370 0.620827 0.370429 0.376789
257 0.223370 0.620827 0.370429 0.376789
480 0.689189 0.527822 0.468998 0.476948
257 0.236089 0.635930 0.392687 0.406995
482 0.677266 0.490461 0.480127 0.421304
482 0.672496 0.473768 0.502385 0.470588
482 0.680445 0.441971 0.473768 0.435612
482 0.703498 0.480922 0.497615 0.462639
257 0.239269 0.598569 0.335453 0.379968
482 0.684420 0.510334 0.440382 0.432432
257 0.223370 0.620827 0.370429 0.376789
480 0.679650 0.498410 0.449921 0.424483
482 0.689984 0.496820 0.454690 0.459459
480 0.685215 0.503180 0.413355 0.443561
257 0.278219 0.614467 0.461049 0.399046
