69 0.480126 0.588912 0.713389 0.746862
240 0.326360 0.767782 0.347280 0.326360
240 0.441423 0.339958 0.276151 0.307531
70 0.377615 0.559623 0.453975 0.767782
70 0.691423 0.669456 0.299163 0.364017
240 0.332636 0.748954 0.313808 0.280335
240 0.451883 0.331590 0.284519 0.299163
70 0.319038 0.504184 0.361925 0.284519
70 0.332636 0.806485 0.364017 0.349372
70 0.685146 0.647490 0.303347 0.341004
70 0.462343 0.344142 0.376569 0.366109
240 0.310669 0.765690 0.361925 0.267782
240 0.437238 0.315900 0.305439 0.234310
