136 0.501590 0.364865 0.535771 0.186010
136 0.501590 0.364865 0.535771 0.186010
136 0.501590 0.364865 0.535771 0.186010
136 0.501590 0.364865 0.535771 0.186010
136 0.501590 0.364865 0.535771 0.186010
136 0.501590 0.364865 0.535771 0.186010
136 0.501590 0.364865 0.535771 0.186010
136 0.501590 0.364865 0.535771 0.186010
136 0.501590 0.364865 0.535771 0.186010
136 0.501590 0.364865 0.535771 0.186010
136 0.501590 0.364865 0.535771 0.186010
181 0.501590 0.364865 0.535771 0.186010
181 0.501590 0.364865 0.535771 0.186010
136 0.501590 0.364865 0.535771 0.186010
