480 0.408759 0.474421 0.389294 0.676005
480 0.408759 0.474421 0.389294 0.676005
480 0.408759 0.474421 0.389294 0.676005
480 0.408759 0.474421 0.389294 0.676005
480 0.408759 0.474421 0.389294 0.676005
480 0.408759 0.474421 0.389294 0.676005
480 0.408759 0.474421 0.389294 0.676005
480 0.408759 0.474421 0.389294 0.676005
480 0.408759 0.474421 0.389294 0.676005
480 0.408759 0.474421 0.389294 0.676005
480 0.408759 0.474421 0.389294 0.676005
480 0.408759 0.474421 0.389294 0.676005
480 0.408759 0.474421 0.389294 0.676005
480 0.408759 0.474421 0.389294 0.676005
480 0.408759 0.474421 0.389294 0.676005
480 0.408759 0.474421 0.389294 0.676005
480 0.408759 0.474421 0.389294 0.676005
480 0.408759 0.474421 0.389294 0.676005
480 0.408759 0.474421 0.389294 0.676005
480 0.408759 0.474421 0.389294 0.676005
480 0.408759 0.474421 0.389294 0.676005
480 0.408759 0.474421 0.389294 0.676005
480 0.408759 0.474421 0.389294 0.676005
480 0.408759 0.474421 0.389294 0.676005
480 0.408759 0.474421 0.389294 0.676005
480 0.408759 0.474421 0.389294 0.676005
480 0.408759 0.474421 0.389294 0.676005
480 0.408759 0.474421 0.389294 0.676005
480 0.408759 0.474421 0.389294 0.676005
480 0.408759 0.474421 0.389294 0.676005
480 0.408759 0.474421 0.389294 0.676005
480 0.408759 0.474421 0.389294 0.676005
480 0.408759 0.474421 0.389294 0.676005
480 0.408759 0.474421 0.389294 0.676005
480 0.408759 0.474421 0.389294 0.676005
480 0.408759 0.474421 0.389294 0.676005
480 0.422141 0.577954 0.469586 0.778319
480 0.408759 0.474421 0.389294 0.676005
480 0.408759 0.474421 0.389294 0.676005
480 0.408759 0.474421 0.389294 0.676005
480 0.408759 0.474421 0.389294 0.676005
480 0.408759 0.474421 0.389294 0.676005
480 0.408759 0.474421 0.389294 0.676005
480 0.408759 0.474421 0.389294 0.676005
480 0.408759 0.474421 0.389294 0.676005
480 0.408759 0.474421 0.389294 0.676005
480 0.408759 0.474421 0.389294 0.676005
480 0.408759 0.474421 0.389294 0.676005
480 0.408759 0.474421 0.389294 0.676005
480 0.408759 0.474421 0.389294 0.676005
480 0.408759 0.474421 0.389294 0.676005
480 0.408759 0.474421 0.389294 0.676005
480 0.408759 0.474421 0.389294 0.676005
