480 0.555439 0.125523 0.721757 0.238494
480 0.555439 0.125523 0.721757 0.238494
480 0.512552 0.548117 0.677824 0.627615
480 0.495816 0.509414 0.606695 0.571130
480 0.520921 0.533473 0.585774 0.589958
480 0.531381 0.558577 0.581590 0.619247
480 0.521967 0.532427 0.629707 0.646444
480 0.534519 0.541841 0.566946 0.690377
480 0.532427 0.527197 0.583682 0.707113
480 0.525105 0.573222 0.648536 0.615063
480 0.555439 0.125523 0.721757 0.238494
480 0.555439 0.125523 0.721757 0.238494
480 0.496862 0.723849 0.537657 0.376569
480 0.515690 0.560669 0.592050 0.577406
480 0.517782 0.575314 0.638075 0.585774
480 0.513598 0.533473 0.642259 0.661088
480 0.516736 0.555439 0.648536 0.571130
480 0.506276 0.582636 0.648536 0.721757
480 0.544979 0.526151 0.646444 0.633891
480 0.521967 0.536611 0.604603 0.571130
480 0.535565 0.555439 0.627615 0.608787
