480 0.494792 0.547917 0.577083 0.708333
480 0.496875 0.523958 0.518750 0.693750
480 0.493750 0.516667 0.570833 0.754167
480 0.507292 0.523958 0.568750 0.747917
480 0.481250 0.502083 0.554167 0.695833
480 0.502083 0.519792 0.579167 0.727083
480 0.508333 0.494792 0.587500 0.668750
480 0.477083 0.515625 0.562500 0.739583
480 0.497917 0.589583 0.587500 0.729167
480 0.494792 0.539583 0.568750 0.708333
480 0.494792 0.528125 0.564583 0.668750
480 0.488542 0.509375 0.639583 0.743750
480 0.469792 0.501042 0.539583 0.697917
480 0.519792 0.511458 0.622917 0.714583
480 0.459375 0.538542 0.627083 0.647917
480 0.485417 0.543750 0.508333 0.650000
480 0.518750 0.526042 0.591667 0.710417
480 0.492708 0.516667 0.514583 0.670833
480 0.505208 0.508333 0.556250 0.733333
480 0.483333 0.522917 0.600000 0.670833
480 0.498958 0.501042 0.572917 0.702083
