176 0.539666 0.588727 0.432150 0.538622
176 0.539666 0.588727 0.432150 0.538622
176 0.511482 0.616910 0.450939 0.670146
176 0.539666 0.588727 0.432150 0.538622
176 0.526096 0.608559 0.446764 0.574113
176 0.539666 0.588727 0.432150 0.538622
176 0.557411 0.601253 0.455115 0.605428
176 0.556367 0.608559 0.461378 0.594990
176 0.539666 0.588727 0.432150 0.538622
176 0.539666 0.588727 0.432150 0.538622
176 0.526096 0.617954 0.471816 0.597077
176 0.500000 0.615866 0.473904 0.609603
176 0.529228 0.621086 0.473904 0.645094
176 0.519833 0.607516 0.475992 0.588727
