74 0.328125 0.735417 0.627083 0.433333
240 0.805208 0.429167 0.277083 0.383333
240 0.338542 0.295833 0.389583 0.412500
240 0.339583 0.738542 0.450000 0.277083
240 0.351042 0.728125 0.535417 0.272917
240 0.363542 0.729167 0.497917 0.329167
240 0.372917 0.304167 0.404167 0.458333
240 0.851042 0.422917 0.285417 0.445833
74 0.504167 0.485417 0.945833 0.954167
74 0.498958 0.482292 0.964583 0.927083
240 0.406250 0.494792 0.475000 0.827083
240 0.845833 0.434375 0.258333 0.389583
240 0.380208 0.755208 0.531250 0.327083
240 0.387500 0.305208 0.404167 0.439583
240 0.828125 0.394792 0.297917 0.402083
74 0.502083 0.502083 0.979167 0.966667
74 0.497917 0.492708 0.970833 0.952083
240 0.543750 0.472917 0.862500 0.795833
