480 0.412409 0.451279 0.513382 0.741778
480 0.412409 0.451279 0.513382 0.741778
480 0.399635 0.542022 0.495134 0.655298
192 0.413017 0.754568 0.378345 0.210719
480 0.412409 0.451279 0.513382 0.741778
192 0.430657 0.755177 0.379562 0.175396
480 0.412409 0.451279 0.513382 0.741778
192 0.414234 0.734470 0.383212 0.209501
192 0.414234 0.738733 0.412409 0.232643
480 0.410584 0.531060 0.504866 0.628502
192 0.411192 0.734470 0.364964 0.209501
192 0.398418 0.747259 0.409976 0.220463
192 0.423358 0.721681 0.389294 0.235079
480 0.404501 0.551766 0.473236 0.565164
192 0.403285 0.733252 0.395377 0.243605
480 0.406934 0.562728 0.531630 0.548112
