389 0.196875 0.470833 0.306250 0.391667
293 0.404167 0.595833 0.145833 0.158333
110 0.487500 0.361458 0.237500 0.281250
296 0.885417 0.313542 0.220833 0.143750
389 0.196875 0.470833 0.306250 0.391667
293 0.395833 0.653125 0.479167 0.277083
109 0.487500 0.361458 0.237500 0.281250
297 0.885417 0.313542 0.220833 0.143750
107 0.404167 0.595833 0.145833 0.158333
123 0.487500 0.361458 0.237500 0.281250
155 0.885417 0.313542 0.220833 0.143750
231 0.219792 0.708333 0.139583 0.133333
37 0.620833 0.018750 0.150000 0.033333
