480 0.531250 0.579332 0.483333 0.812109
480 0.541667 0.536534 0.487500 0.734864
480 0.527083 0.558455 0.516667 0.812109
480 0.554167 0.530271 0.512500 0.839248
480 0.523958 0.553236 0.477083 0.784969
480 0.518750 0.531315 0.591667 0.837161
480 0.518750 0.551148 0.516667 0.839248
480 0.527083 0.551148 0.475000 0.826722
480 0.510417 0.566806 0.520833 0.812109
480 0.528125 0.562630 0.485417 0.824635
480 0.515625 0.535491 0.531250 0.749478
480 0.514583 0.543841 0.491667 0.812109
480 0.523958 0.548017 0.502083 0.832985
480 0.527083 0.520877 0.537500 0.828810
480 0.516667 0.546973 0.504167 0.826722
480 0.510417 0.536534 0.541667 0.822547
480 0.520833 0.559499 0.470833 0.826722
480 0.526042 0.559499 0.497917 0.801670
480 0.565625 0.549061 0.568750 0.835073
480 0.525000 0.573069 0.495833 0.795407
480 0.489583 0.524008 0.575000 0.776618
480 0.537500 0.552192 0.512500 0.778706
480 0.534375 0.544885 0.472917 0.835073
480 0.535417 0.565762 0.520833 0.826722
