480 0.466872 0.531636 0.628659 0.807099
480 0.471495 0.503858 0.687211 0.751543
480 0.483051 0.487654 0.768875 0.817901
480 0.459168 0.515432 0.693374 0.762346
480 0.451464 0.508488 0.637904 0.788580
480 0.454545 0.473765 0.637904 0.796296
480 0.474576 0.509259 0.702619 0.802469
480 0.436826 0.517747 0.691834 0.813272
480 0.448382 0.455247 0.730354 0.839506
480 0.442989 0.501543 0.685670 0.740741
480 0.450693 0.565586 0.694915 0.844136
480 0.453005 0.499228 0.681048 0.807099
480 0.467643 0.543210 0.654854 0.753086
480 0.467643 0.492284 0.710324 0.820988
480 0.516949 0.506944 0.738059 0.745370
480 0.475347 0.506173 0.679507 0.808642
480 0.461479 0.491512 0.722650 0.785494
480 0.490755 0.507716 0.694915 0.768519
480 0.483051 0.539352 0.664099 0.865741
480 0.453005 0.495370 0.681048 0.774691
480 0.475347 0.503086 0.694915 0.753086
480 0.467643 0.523920 0.725732 0.785494
480 0.456086 0.498457 0.674884 0.768519
480 0.455316 0.527778 0.741140 0.808642
480 0.452234 0.516204 0.657935 0.736111
480 0.461479 0.503086 0.682589 0.799383
480 0.491525 0.513889 0.702619 0.771605
480 0.489214 0.541667 0.688752 0.716049
480 0.483051 0.504630 0.719569 0.780864
480 0.511556 0.527006 0.677966 0.736111
480 0.456086 0.506944 0.650231 0.745370
480 0.450693 0.484568 0.679507 0.796296
480 0.426810 0.497685 0.711864 0.804012
480 0.453005 0.513117 0.668721 0.804012
480 0.471495 0.516204 0.711864 0.828704
480 0.461479 0.506944 0.657935 0.770062
480 0.470724 0.511574 0.661017 0.791667
480 0.466102 0.516204 0.682589 0.788580
480 0.463790 0.516204 0.637904 0.760802
480 0.436826 0.500000 0.688752 0.768519
480 0.476888 0.506944 0.716487 0.776235
480 0.469183 0.513117 0.728814 0.773148
480 0.456857 0.442901 0.657935 0.657407
480 0.473035 0.505401 0.748844 0.757716
480 0.474576 0.513889 0.702619 0.765432
480 0.466872 0.505401 0.687211 0.779321
480 0.449153 0.514660 0.673344 0.791667
480 0.459168 0.493056 0.668721 0.729938
480 0.474576 0.517747 0.742681 0.763889
480 0.464561 0.489198 0.682589 0.756173
480 0.476888 0.513889 0.676425 0.746914
480 0.488444 0.525463 0.674884 0.770062
480 0.442989 0.515432 0.636364 0.777778
480 0.477658 0.500772 0.650231 0.708333
480 0.465331 0.492284 0.708783 0.808642
