491 0.351351 0.315580 0.054054 0.027027
491 0.622417 0.318760 0.055644 0.033386
491 0.495231 0.515103 0.354531 0.232114
491 0.351351 0.315580 0.054054 0.027027
491 0.622417 0.318760 0.055644 0.033386
491 0.495231 0.515103 0.354531 0.232114
491 0.351351 0.315580 0.054054 0.027027
491 0.622417 0.318760 0.055644 0.033386
491 0.495231 0.515103 0.354531 0.232114
491 0.351351 0.315580 0.054054 0.027027
491 0.622417 0.318760 0.055644 0.033386
491 0.495231 0.515103 0.354531 0.232114
491 0.351351 0.315580 0.054054 0.027027
491 0.622417 0.318760 0.055644 0.033386
491 0.495231 0.515103 0.354531 0.232114
491 0.351351 0.315580 0.054054 0.027027
491 0.622417 0.318760 0.055644 0.033386
491 0.495231 0.515103 0.354531 0.232114
491 0.351351 0.315580 0.054054 0.027027
491 0.622417 0.318760 0.055644 0.033386
491 0.495231 0.515103 0.354531 0.232114
491 0.351351 0.315580 0.054054 0.027027
491 0.622417 0.318760 0.055644 0.033386
491 0.495231 0.515103 0.354531 0.232114
491 0.351351 0.315580 0.054054 0.027027
491 0.622417 0.318760 0.055644 0.033386
491 0.495231 0.515103 0.354531 0.232114
491 0.351351 0.315580 0.054054 0.027027
491 0.622417 0.318760 0.055644 0.033386
491 0.495231 0.515103 0.354531 0.232114
491 0.488871 0.533386 0.338633 0.205087
