355 0.465819 0.639905 0.270270 0.341812
104 0.683625 0.457075 0.397456 0.472178
355 0.449126 0.656598 0.217806 0.330684
357 0.693959 0.470588 0.468998 0.467409
104 0.702703 0.478537 0.394277 0.473768
104 0.686804 0.460254 0.432432 0.462639
355 0.476948 0.656598 0.267091 0.340223
104 0.689189 0.491256 0.418124 0.489666
355 0.472178 0.657393 0.270270 0.338633
329 0.436407 0.372019 0.268680 0.267091
162 0.294118 0.445151 0.292528 0.238474
329 0.455485 0.386328 0.214626 0.228935
162 0.290143 0.453100 0.246423 0.244833
293 0.279014 0.277424 0.192369 0.220986
355 0.463434 0.654213 0.252782 0.310016
329 0.449126 0.376789 0.243243 0.257552
162 0.274245 0.435612 0.313196 0.257552
293 0.303657 0.266296 0.206677 0.233704
162 0.297297 0.428458 0.279809 0.255962
329 0.431638 0.371224 0.227345 0.230525
293 0.290143 0.280604 0.205087 0.205087
329 0.439587 0.369634 0.252782 0.217806
162 0.280604 0.438792 0.230525 0.193959
293 0.277424 0.264706 0.160572 0.201908
