480 0.502471 0.443987 0.579901 0.663921
480 0.502471 0.443987 0.579901 0.663921
480 0.502471 0.443987 0.579901 0.663921
480 0.502471 0.443987 0.579901 0.663921
480 0.502471 0.443987 0.579901 0.663921
480 0.502471 0.443987 0.579901 0.663921
480 0.502471 0.443987 0.579901 0.663921
480 0.502471 0.443987 0.579901 0.663921
480 0.502471 0.443987 0.579901 0.663921
480 0.502471 0.443987 0.579901 0.663921
480 0.502471 0.443987 0.579901 0.663921
480 0.502471 0.443987 0.579901 0.663921
480 0.502471 0.443987 0.579901 0.663921
480 0.502471 0.443987 0.579901 0.663921
480 0.502471 0.443987 0.579901 0.663921
480 0.502471 0.443987 0.579901 0.663921
480 0.502471 0.443987 0.579901 0.663921
480 0.502471 0.443987 0.579901 0.663921
480 0.502471 0.443987 0.579901 0.663921
480 0.502471 0.443987 0.579901 0.663921
480 0.502471 0.443987 0.579901 0.663921
480 0.502471 0.443987 0.579901 0.663921
