464 0.613542 0.773958 0.156250 0.289583
464 0.613542 0.773958 0.156250 0.289583
236 0.542708 0.312500 0.268750 0.291667
236 0.542708 0.312500 0.268750 0.291667
161 0.470833 0.735417 0.225000 0.383333
161 0.470833 0.735417 0.225000 0.383333
93 0.303125 0.652083 0.277083 0.341667
93 0.303125 0.652083 0.277083 0.341667
465 0.831250 0.413542 0.304167 0.235417
465 0.831250 0.413542 0.304167 0.235417
249 0.172917 0.566667 0.329167 0.316667
185 0.221875 0.322917 0.406250 0.204167
249 0.171875 0.571875 0.343750 0.293750
185 0.222917 0.332292 0.404167 0.214583
