136 0.464583 0.621875 0.804167 0.689583
181 0.464583 0.621875 0.804167 0.689583
136 0.447917 0.646875 0.741667 0.635417
181 0.464583 0.621875 0.804167 0.689583
136 0.454167 0.643750 0.766667 0.675000
181 0.464583 0.621875 0.804167 0.689583
136 0.464583 0.621875 0.804167 0.689583
181 0.429167 0.639583 0.766667 0.700000
136 0.430208 0.638542 0.831250 0.664583
136 0.477083 0.629167 0.800000 0.704167
136 0.445833 0.627083 0.775000 0.662500
136 0.452083 0.628125 0.800000 0.697917
136 0.436458 0.631250 0.847917 0.670833
136 0.471875 0.621875 0.827083 0.706250
136 0.456250 0.605208 0.800000 0.697917
136 0.458333 0.620833 0.825000 0.708333
136 0.455208 0.641667 0.785417 0.679167
136 0.457292 0.619792 0.777083 0.697917
