340 0.501758 0.508206 0.902696 0.908558
42 0.244431 0.544549 0.256741 0.519343
42 0.430246 0.185815 0.229777 0.087925
42 0.548066 0.330598 0.069168 0.138335
42 0.798945 0.364596 0.132474 0.189918
42 0.590856 0.825909 0.260258 0.123095
42 0.492966 0.553927 0.050410 0.094959
42 0.643025 0.511723 0.134818 0.099648
2 0.244431 0.368113 0.181712 0.112544
2 0.598476 0.202814 0.139508 0.192263
2 0.416764 0.804220 0.106682 0.215709
2 0.511723 0.487104 0.137163 0.160610
89 0.330598 0.263189 0.415006 0.118406
89 0.245604 0.630715 0.125440 0.098476
89 0.394490 0.658265 0.141852 0.141852
89 0.652989 0.350528 0.140680 0.182884
