53 0.667015 0.469729 0.323591 0.601253
240 0.294363 0.480167 0.321503 0.597077
81 0.667015 0.531315 0.294363 0.628392
81 0.313152 0.481211 0.279749 0.540710
240 0.661795 0.468685 0.292276 0.607516
240 0.279749 0.492693 0.267223 0.546973
53 0.479123 0.487474 0.716075 0.640919
53 0.683716 0.490605 0.373695 0.659708
53 0.294363 0.474948 0.329854 0.582463
240 0.281837 0.477035 0.321503 0.528184
240 0.645094 0.472860 0.275574 0.549061
81 0.672234 0.492693 0.308977 0.651357
81 0.318372 0.470772 0.256785 0.594990
81 0.302714 0.482255 0.225470 0.580376
81 0.668058 0.468685 0.283925 0.557411
240 0.294363 0.484342 0.288100 0.505219
240 0.668058 0.448852 0.221294 0.530271
53 0.294363 0.510438 0.346555 0.611691
53 0.663883 0.489562 0.300626 0.645094
