386 0.513097 0.167438 0.178737 0.211420
386 0.359014 0.509259 0.412943 0.604938
386 0.614022 0.351852 0.248074 0.185185
24 0.463020 0.330247 0.565485 0.182099
24 0.107858 0.596451 0.200308 0.270062
24 0.350539 0.530864 0.124807 0.083333
183 0.287365 0.219136 0.192604 0.185185
183 0.330508 0.446759 0.214176 0.189815
183 0.117874 0.707562 0.140216 0.189815
183 0.275809 0.201389 0.215716 0.214506
183 0.309707 0.445216 0.212635 0.183642
183 0.083205 0.702932 0.151002 0.177469
386 0.426810 0.451389 0.542373 0.751543
24 0.655624 0.292438 0.195686 0.078704
24 0.137904 0.605710 0.174114 0.313272
24 0.187982 0.400463 0.120185 0.103395
24 0.460709 0.327932 0.070878 0.128086
464 0.531587 0.469136 0.163328 0.231481
464 0.553159 0.756944 0.191063 0.100309
182 0.501541 0.491512 0.972265 0.887346
464 0.493066 0.432870 0.255778 0.362654
464 0.560092 0.766204 0.229584 0.112654
182 0.238059 0.383488 0.445300 0.631173
182 0.521572 0.487654 0.793529 0.817901
