136 0.553236 0.339248 0.400835 0.231733
136 0.553236 0.339248 0.400835 0.231733
136 0.553236 0.339248 0.400835 0.231733
136 0.553236 0.339248 0.400835 0.231733
136 0.553236 0.339248 0.400835 0.231733
136 0.553236 0.339248 0.400835 0.231733
136 0.548017 0.355950 0.411273 0.235908
136 0.565762 0.350731 0.417537 0.292276
136 0.544885 0.350731 0.467641 0.288100
136 0.562630 0.339248 0.448852 0.277662
136 0.561587 0.339248 0.384134 0.260960
136 0.546973 0.336117 0.446764 0.233820
136 0.548017 0.350731 0.423800 0.254697
136 0.561587 0.351775 0.417537 0.244259
136 0.572025 0.320459 0.459290 0.302714
136 0.560543 0.354906 0.415449 0.263048
136 0.554280 0.338205 0.436326 0.254697
136 0.546973 0.322547 0.455115 0.273486
136 0.561587 0.323591 0.400835 0.279749
136 0.569937 0.353862 0.409186 0.244259
136 0.581420 0.330898 0.457203 0.252610
136 0.544885 0.330898 0.392484 0.244259
136 0.556367 0.336117 0.423800 0.250522
136 0.559499 0.328810 0.363257 0.265136
136 0.554280 0.362213 0.436326 0.281837
136 0.580376 0.352818 0.421712 0.263048
136 0.562630 0.360125 0.448852 0.286013
