480 0.506263 0.425887 0.678497 0.805846
480 0.506263 0.425887 0.678497 0.805846
480 0.506263 0.425887 0.678497 0.805846
480 0.506263 0.425887 0.678497 0.805846
480 0.506263 0.425887 0.678497 0.805846
480 0.506263 0.425887 0.678497 0.805846
480 0.506263 0.425887 0.678497 0.805846
480 0.506263 0.425887 0.678497 0.805846
480 0.506263 0.425887 0.678497 0.805846
480 0.506263 0.425887 0.678497 0.805846
480 0.506263 0.425887 0.678497 0.805846
480 0.506263 0.425887 0.678497 0.805846
480 0.506263 0.425887 0.678497 0.805846
480 0.506263 0.425887 0.678497 0.805846
480 0.506263 0.425887 0.678497 0.805846
480 0.506263 0.425887 0.678497 0.805846
480 0.506263 0.425887 0.678497 0.805846
480 0.506263 0.425887 0.678497 0.805846
480 0.506263 0.425887 0.678497 0.805846
480 0.506263 0.425887 0.678497 0.805846
480 0.506263 0.425887 0.678497 0.805846
480 0.506263 0.425887 0.678497 0.805846
480 0.506263 0.425887 0.678497 0.805846
480 0.506263 0.425887 0.678497 0.805846
480 0.506263 0.425887 0.678497 0.805846
480 0.506263 0.425887 0.678497 0.805846
480 0.506263 0.425887 0.678497 0.805846
480 0.506263 0.425887 0.678497 0.805846
480 0.506263 0.425887 0.678497 0.805846
480 0.506263 0.425887 0.678497 0.805846
480 0.506263 0.425887 0.678497 0.805846
480 0.506263 0.425887 0.678497 0.805846
480 0.506263 0.425887 0.678497 0.805846
480 0.506263 0.425887 0.678497 0.805846
480 0.506263 0.425887 0.678497 0.805846
480 0.506263 0.425887 0.678497 0.805846
480 0.506263 0.425887 0.678497 0.805846
480 0.506263 0.425887 0.678497 0.805846
480 0.506263 0.425887 0.678497 0.805846
480 0.506263 0.425887 0.678497 0.805846
480 0.506263 0.425887 0.678497 0.805846
480 0.506263 0.425887 0.678497 0.805846
480 0.506263 0.425887 0.678497 0.805846
480 0.506263 0.425887 0.678497 0.805846
480 0.506263 0.425887 0.678497 0.805846
480 0.506263 0.425887 0.678497 0.805846
480 0.506263 0.425887 0.678497 0.805846
480 0.506263 0.425887 0.678497 0.805846
480 0.506263 0.425887 0.678497 0.805846
480 0.506263 0.425887 0.678497 0.805846
480 0.506263 0.425887 0.678497 0.805846
480 0.506263 0.425887 0.678497 0.805846
480 0.506263 0.425887 0.678497 0.805846
480 0.506263 0.425887 0.678497 0.805846
480 0.506263 0.425887 0.678497 0.805846
480 0.506263 0.425887 0.678497 0.805846
480 0.506263 0.425887 0.678497 0.805846
480 0.506263 0.425887 0.678497 0.805846
480 0.506263 0.425887 0.678497 0.805846
480 0.506263 0.425887 0.678497 0.805846
480 0.506263 0.425887 0.678497 0.805846
480 0.506263 0.425887 0.678497 0.805846
480 0.506263 0.425887 0.678497 0.805846
480 0.506263 0.425887 0.678497 0.805846
480 0.477035 0.511482 0.578288 0.668058
480 0.506263 0.425887 0.678497 0.805846
480 0.506263 0.425887 0.678497 0.805846
480 0.506263 0.425887 0.678497 0.805846
480 0.506263 0.425887 0.678497 0.805846
480 0.506263 0.425887 0.678497 0.805846
480 0.506263 0.425887 0.678497 0.805846
480 0.506263 0.425887 0.678497 0.805846
480 0.506263 0.425887 0.678497 0.805846
480 0.506263 0.425887 0.678497 0.805846
480 0.506263 0.425887 0.678497 0.805846
480 0.506263 0.425887 0.678497 0.805846
480 0.506263 0.425887 0.678497 0.805846
480 0.506263 0.425887 0.678497 0.805846
480 0.506263 0.425887 0.678497 0.805846
480 0.506263 0.425887 0.678497 0.805846
480 0.506263 0.425887 0.678497 0.805846
480 0.506263 0.425887 0.678497 0.805846
480 0.506263 0.425887 0.678497 0.805846
480 0.506263 0.425887 0.678497 0.805846
480 0.506263 0.425887 0.678497 0.805846
480 0.506263 0.425887 0.678497 0.805846
480 0.506263 0.425887 0.678497 0.805846
480 0.506263 0.425887 0.678497 0.805846
480 0.506263 0.425887 0.678497 0.805846
480 0.506263 0.425887 0.678497 0.805846
480 0.506263 0.425887 0.678497 0.805846
480 0.506263 0.425887 0.678497 0.805846
480 0.506263 0.425887 0.678497 0.805846
480 0.506263 0.425887 0.678497 0.805846
480 0.506263 0.425887 0.678497 0.805846
480 0.506263 0.425887 0.678497 0.805846
480 0.506263 0.425887 0.678497 0.805846
480 0.506263 0.425887 0.678497 0.805846
480 0.506263 0.425887 0.678497 0.805846
480 0.506263 0.425887 0.678497 0.805846
480 0.506263 0.425887 0.678497 0.805846
