136 0.425887 0.355950 0.463466 0.173278
136 0.425887 0.355950 0.463466 0.173278
136 0.425887 0.355950 0.463466 0.173278
136 0.425887 0.355950 0.463466 0.173278
136 0.425887 0.355950 0.463466 0.173278
136 0.425887 0.355950 0.463466 0.173278
136 0.425887 0.355950 0.463466 0.173278
136 0.425887 0.355950 0.463466 0.173278
136 0.425887 0.355950 0.463466 0.173278
136 0.425887 0.355950 0.463466 0.173278
136 0.425887 0.355950 0.463466 0.173278
136 0.425887 0.355950 0.463466 0.173278
136 0.425887 0.355950 0.463466 0.173278
136 0.425887 0.355950 0.463466 0.173278
136 0.425887 0.355950 0.463466 0.173278
136 0.425887 0.355950 0.463466 0.173278
136 0.425887 0.355950 0.463466 0.173278
136 0.425887 0.355950 0.463466 0.173278
136 0.425887 0.355950 0.463466 0.173278
136 0.425887 0.355950 0.463466 0.173278
136 0.425887 0.355950 0.463466 0.173278
136 0.425887 0.355950 0.463466 0.173278
136 0.425887 0.355950 0.463466 0.173278
136 0.425887 0.355950 0.463466 0.173278
136 0.425887 0.355950 0.463466 0.173278
136 0.425887 0.355950 0.463466 0.173278
136 0.425887 0.355950 0.463466 0.173278
136 0.425887 0.355950 0.463466 0.173278
136 0.425887 0.355950 0.463466 0.173278
136 0.425887 0.355950 0.463466 0.173278
136 0.425887 0.355950 0.463466 0.173278
136 0.425887 0.355950 0.463466 0.173278
136 0.425887 0.355950 0.463466 0.173278
136 0.425887 0.355950 0.463466 0.173278
136 0.425887 0.355950 0.463466 0.173278
136 0.425887 0.355950 0.463466 0.173278
136 0.425887 0.355950 0.463466 0.173278
136 0.425887 0.355950 0.463466 0.173278
136 0.425887 0.355950 0.463466 0.173278
136 0.425887 0.355950 0.463466 0.173278
136 0.425887 0.355950 0.463466 0.173278
136 0.372651 0.379958 0.540710 0.192067
