480 0.637328 0.559385 0.657476 0.654295
480 0.619830 0.570520 0.692471 0.742312
480 0.617179 0.546660 0.702015 0.635207
480 0.634677 0.539236 0.707317 0.650053
481 0.649523 0.559385 0.603393 0.669141
480 0.628314 0.547720 0.705196 0.622481
481 0.649523 0.582185 0.647932 0.744433
481 0.628314 0.527041 0.654295 0.689290
480 0.634146 0.582715 0.657476 0.622481
480 0.661718 0.544539 0.602333 0.730647
480 0.642100 0.540297 0.637328 0.622481
481 0.624602 0.588017 0.687169 0.652174
480 0.630435 0.546660 0.624602 0.624602
481 0.641569 0.554613 0.672322 0.655355
481 0.624602 0.573171 0.716861 0.652174
481 0.617179 0.569459 0.672322 0.714740
481 0.632025 0.557264 0.702015 0.690350
481 0.629374 0.555673 0.696713 0.646872
481 0.640509 0.549841 0.685048 0.635207
480 0.634677 0.558324 0.681866 0.692471
481 0.642100 0.563627 0.622481 0.692471
480 0.630435 0.548250 0.690350 0.657476
481 0.636797 0.570520 0.662778 0.668081
481 0.637858 0.559385 0.635207 0.664899
480 0.636797 0.553552 0.677625 0.657476
480 0.627784 0.539767 0.629905 0.655355
480 0.626723 0.554083 0.672322 0.749735
480 0.633616 0.534464 0.705196 0.640509
480 0.632025 0.547190 0.712619 0.655355
480 0.629374 0.573171 0.637328 0.577943
480 0.602863 0.557794 0.664899 0.657476
