480 0.423640 0.532359 0.608787 0.826722
480 0.423640 0.532359 0.608787 0.826722
480 0.423640 0.532359 0.608787 0.826722
480 0.423640 0.532359 0.608787 0.826722
480 0.423640 0.532359 0.608787 0.826722
480 0.423640 0.532359 0.608787 0.826722
480 0.423640 0.532359 0.608787 0.826722
480 0.423640 0.532359 0.608787 0.826722
480 0.423640 0.532359 0.608787 0.826722
480 0.423640 0.532359 0.608787 0.826722
480 0.423640 0.532359 0.608787 0.826722
480 0.423640 0.532359 0.608787 0.826722
480 0.423640 0.532359 0.608787 0.826722
480 0.423640 0.532359 0.608787 0.826722
480 0.423640 0.532359 0.608787 0.826722
480 0.423640 0.532359 0.608787 0.826722
480 0.423640 0.532359 0.608787 0.826722
