480 0.489583 0.580208 0.712500 0.747917
480 0.536458 0.586458 0.777083 0.764583
480 0.460417 0.564583 0.700000 0.687500
480 0.471875 0.577083 0.706250 0.737500
480 0.504167 0.542708 0.708333 0.727083
480 0.477083 0.559375 0.750000 0.735417
480 0.481250 0.572917 0.716667 0.695833
480 0.494792 0.552083 0.702083 0.845833
480 0.497917 0.561458 0.745833 0.714583
480 0.513542 0.562500 0.739583 0.675000
480 0.514583 0.527083 0.708333 0.712500
480 0.488542 0.544792 0.697917 0.639583
480 0.495833 0.578125 0.729167 0.731250
480 0.488542 0.543750 0.739583 0.700000
