496 0.509395 0.581420 0.972860 0.774530
103 0.556367 0.754697 0.782881 0.273486
103 0.609603 0.289144 0.091858 0.114823
103 0.810021 0.383090 0.121086 0.114823
103 0.680585 0.490605 0.129436 0.108559
103 0.218163 0.469729 0.415449 0.200418
236 0.130480 0.710856 0.185804 0.127349
236 0.636743 0.799582 0.212944 0.317328
236 0.849687 0.541754 0.204593 0.215031
236 0.527140 0.358038 0.490605 0.139875
236 0.325678 0.531315 0.179541 0.135699
198 0.220251 0.405010 0.139875 0.091858
198 0.210856 0.615866 0.313152 0.212944
198 0.413361 0.871608 0.179541 0.139875
198 0.578288 0.537578 0.325678 0.198330
198 0.564718 0.373695 0.319415 0.154489
