136 0.512552 0.357741 0.389121 0.200837
136 0.511506 0.360879 0.382845 0.194561
135 0.511506 0.360879 0.382845 0.194561
136 0.511506 0.360879 0.382845 0.194561
135 0.511506 0.360879 0.382845 0.194561
136 0.511506 0.360879 0.382845 0.194561
136 0.511506 0.360879 0.382845 0.194561
136 0.511506 0.360879 0.382845 0.194561
136 0.511506 0.360879 0.382845 0.194561
136 0.511506 0.360879 0.382845 0.194561
136 0.511506 0.360879 0.382845 0.194561
136 0.511506 0.360879 0.382845 0.194561
136 0.511506 0.360879 0.382845 0.194561
136 0.511506 0.360879 0.382845 0.194561
136 0.482218 0.390167 0.387029 0.261506
136 0.525105 0.370293 0.414226 0.259414
