480 0.410417 0.505208 0.516667 0.602083
480 0.442708 0.517708 0.568750 0.618750
480 0.416667 0.490625 0.508333 0.581250
480 0.422917 0.480208 0.495833 0.531250
480 0.437500 0.487500 0.529167 0.537500
480 0.417708 0.502083 0.518750 0.512500
480 0.405208 0.482292 0.543750 0.514583
480 0.426042 0.526042 0.489583 0.564583
480 0.439583 0.491667 0.512500 0.529167
480 0.407292 0.503125 0.527083 0.518750
480 0.415625 0.502083 0.531250 0.545833
480 0.428125 0.498958 0.468750 0.568750
480 0.391667 0.489583 0.529167 0.554167
480 0.431250 0.510417 0.533333 0.641667
480 0.411458 0.490625 0.531250 0.497917
480 0.441667 0.484375 0.512500 0.568750
480 0.412500 0.482292 0.495833 0.547917
480 0.405208 0.464583 0.531250 0.587500
480 0.416667 0.486458 0.508333 0.568750
480 0.423958 0.493750 0.527083 0.554167
480 0.406250 0.477083 0.516667 0.570833
480 0.418750 0.480208 0.525000 0.577083
