387 0.504772 0.534464 0.977731 0.629905
93 0.268293 0.450689 0.360551 0.337222
93 0.562036 0.455461 0.097561 0.247084
93 0.273065 0.698303 0.090138 0.132556
93 0.810710 0.454401 0.164369 0.164369
93 0.698303 0.715270 0.170732 0.272534
257 0.435843 0.787911 0.294804 0.152704
257 0.541888 0.262990 0.262990 0.127253
390 0.064157 0.261930 0.102863 0.169671
390 0.937434 0.275716 0.112407 0.137858
390 0.746023 0.788441 0.495228 0.162248
496 0.200424 0.648462 0.180276 0.247084
496 0.612937 0.617179 0.180276 0.305408
