386 0.519618 0.537116 0.948038 0.870626
436 0.423118 0.296925 0.349947 0.224814
436 0.778367 0.288441 0.195122 0.182397
436 0.904560 0.584305 0.182397 0.169671
436 0.942206 0.799576 0.088017 0.150583
436 0.673383 0.867975 0.154825 0.147402
436 0.415695 0.831919 0.150583 0.219512
436 0.175504 0.607105 0.204666 0.160127
306 0.220573 0.525451 0.180276 0.158006
306 0.252916 0.784199 0.230117 0.314952
306 0.656946 0.306999 0.242842 0.289502
306 0.904560 0.414634 0.171792 0.139979
306 0.674443 0.726935 0.462354 0.334040
95 0.748144 0.538176 0.370095 0.302227
95 0.460764 0.437964 0.174973 0.167550
95 0.524390 0.870626 0.158006 0.212089
95 0.309650 0.762990 0.207847 0.442206
345 0.691941 0.519618 0.276776 0.489926
