480 0.457990 0.430807 0.510708 0.598023
480 0.457990 0.430807 0.510708 0.598023
480 0.457990 0.430807 0.510708 0.598023
480 0.457990 0.430807 0.510708 0.598023
480 0.457990 0.430807 0.510708 0.598023
480 0.457990 0.430807 0.510708 0.598023
480 0.457990 0.430807 0.510708 0.598023
480 0.457990 0.430807 0.510708 0.598023
480 0.457990 0.430807 0.510708 0.598023
480 0.457990 0.430807 0.510708 0.598023
480 0.457990 0.430807 0.510708 0.598023
480 0.457990 0.430807 0.510708 0.598023
480 0.457990 0.430807 0.510708 0.598023
480 0.457990 0.430807 0.510708 0.598023
480 0.457990 0.430807 0.510708 0.598023
480 0.457990 0.430807 0.510708 0.598023
480 0.457990 0.430807 0.510708 0.598023
480 0.457990 0.430807 0.510708 0.598023
480 0.457990 0.430807 0.510708 0.598023
480 0.457990 0.430807 0.510708 0.598023
480 0.457990 0.430807 0.510708 0.598023
480 0.457990 0.430807 0.510708 0.598023
480 0.457990 0.430807 0.510708 0.598023
480 0.457990 0.430807 0.510708 0.598023
480 0.457990 0.430807 0.510708 0.598023
480 0.457990 0.430807 0.510708 0.598023
480 0.457990 0.430807 0.510708 0.598023
480 0.457990 0.430807 0.510708 0.598023
480 0.457990 0.430807 0.510708 0.598023
480 0.457990 0.430807 0.510708 0.598023
480 0.457990 0.430807 0.510708 0.598023
480 0.457990 0.430807 0.510708 0.598023
480 0.457990 0.430807 0.510708 0.598023
480 0.457990 0.430807 0.510708 0.598023
480 0.457990 0.430807 0.510708 0.598023
480 0.457990 0.430807 0.510708 0.598023
480 0.457990 0.430807 0.510708 0.598023
480 0.457990 0.430807 0.510708 0.598023
480 0.457990 0.430807 0.510708 0.598023
480 0.457990 0.430807 0.510708 0.598023
480 0.457990 0.430807 0.510708 0.598023
480 0.457990 0.430807 0.510708 0.598023
480 0.457990 0.430807 0.510708 0.598023
480 0.457990 0.430807 0.510708 0.598023
480 0.457990 0.430807 0.510708 0.598023
480 0.457990 0.430807 0.510708 0.598023
480 0.457990 0.430807 0.510708 0.598023
480 0.457990 0.430807 0.510708 0.598023
480 0.457990 0.430807 0.510708 0.598023
480 0.457990 0.430807 0.510708 0.598023
480 0.457990 0.430807 0.510708 0.598023
480 0.457990 0.430807 0.510708 0.598023
480 0.457990 0.430807 0.510708 0.598023
480 0.457990 0.430807 0.510708 0.598023
480 0.457990 0.430807 0.510708 0.598023
480 0.457990 0.430807 0.510708 0.598023
480 0.457990 0.430807 0.510708 0.598023
480 0.457990 0.430807 0.510708 0.598023
480 0.457990 0.430807 0.510708 0.598023
480 0.457990 0.430807 0.510708 0.598023
480 0.457990 0.430807 0.510708 0.598023
480 0.457990 0.430807 0.510708 0.598023
480 0.457990 0.430807 0.510708 0.598023
480 0.457990 0.430807 0.510708 0.598023
480 0.457990 0.430807 0.510708 0.598023
480 0.457990 0.430807 0.510708 0.598023
480 0.457990 0.430807 0.510708 0.598023
480 0.457990 0.430807 0.510708 0.598023
480 0.457990 0.430807 0.510708 0.598023
480 0.457990 0.430807 0.510708 0.598023
480 0.457990 0.430807 0.510708 0.598023
480 0.457990 0.430807 0.510708 0.598023
480 0.457990 0.430807 0.510708 0.598023
