289 0.379167 0.300626 0.187500 0.154489
289 0.230208 0.733820 0.181250 0.210856
289 0.693750 0.275574 0.166667 0.187891
289 0.847917 0.576200 0.179167 0.179541
289 0.671875 0.847599 0.247917 0.175365
161 0.537500 0.630480 0.545833 0.484342
49 0.541667 0.497912 0.333333 0.423800
305 0.268750 0.463466 0.216667 0.300626
35 0.763542 0.447808 0.222917 0.223382
289 0.390625 0.307933 0.181250 0.189979
289 0.694792 0.296451 0.202083 0.179541
289 0.192708 0.740084 0.256250 0.210856
289 0.632292 0.862213 0.164583 0.192067
289 0.823958 0.589770 0.206250 0.215031
161 0.527083 0.561587 0.675000 0.630480
49 0.508333 0.577244 0.345833 0.390397
35 0.763542 0.442589 0.214583 0.192067
305 0.269792 0.472860 0.164583 0.327766
368 0.405208 0.813152 0.110417 0.127349
