104 0.506637 0.603982 0.367257 0.278761
329 0.776549 0.648230 0.137168 0.163717
355 0.225664 0.603982 0.309735 0.261062
162 0.750000 0.539823 0.190265 0.115044
162 0.442478 0.758850 0.238938 0.110619
104 0.508850 0.603982 0.380531 0.278761
305 0.818584 0.661504 0.221239 0.137168
355 0.212389 0.595133 0.300885 0.296460
162 0.475664 0.756637 0.234513 0.141593
162 0.745575 0.544248 0.163717 0.123894
305 0.805310 0.657080 0.150442 0.163717
104 0.519912 0.577434 0.420354 0.252212
355 0.207965 0.584071 0.327434 0.300885
104 0.513274 0.599558 0.398230 0.287611
355 0.241150 0.586283 0.296460 0.278761
491 0.584071 0.210177 0.185841 0.172566
480 0.915929 0.292035 0.150442 0.221239
329 0.800885 0.648230 0.203540 0.154867
162 0.466814 0.750000 0.269912 0.119469
162 0.732301 0.533186 0.190265 0.092920
104 0.511062 0.603982 0.376106 0.314159
355 0.227876 0.586283 0.296460 0.269912
162 0.469027 0.765487 0.230088 0.106195
162 0.750000 0.526549 0.181416 0.123894
305 0.787611 0.672566 0.150442 0.203540
491 0.597345 0.183628 0.212389 0.252212
480 0.913717 0.276549 0.163717 0.243363
491 0.570796 0.210177 0.203540 0.234513
480 0.918142 0.272124 0.119469 0.252212
491 0.570796 0.212389 0.185841 0.230088
480 0.924779 0.261062 0.123894 0.274336
162 0.480088 0.754425 0.269912 0.119469
162 0.750000 0.537611 0.216814 0.137168
491 0.577434 0.201327 0.216814 0.225664
480 0.904867 0.298673 0.154867 0.225664
