386 0.279167 0.603125 0.229167 0.281250
386 0.490625 0.263542 0.214583 0.372917
386 0.858333 0.454167 0.275000 0.616667
386 0.423958 0.785417 0.493750 0.337500
93 0.583333 0.435417 0.395833 0.383333
93 0.622917 0.820833 0.629167 0.225000
215 0.317708 0.761458 0.089583 0.081250
215 0.657292 0.685417 0.102083 0.054167
215 0.547917 0.589583 0.075000 0.070833
464 0.629167 0.197917 0.258333 0.087500
464 0.278125 0.431250 0.139583 0.062500
464 0.436458 0.625000 0.172917 0.112500
464 0.192708 0.698958 0.143750 0.106250
