161 0.300703 0.601993 0.315358 0.449004
161 0.512896 0.866940 0.284877 0.219226
161 0.675264 0.691676 0.269637 0.229777
490 0.417937 0.371630 0.169988 0.105510
490 0.253224 0.504689 0.150059 0.160610
490 0.321805 0.818875 0.118406 0.245018
490 0.191676 0.769637 0.092614 0.094959
490 0.499414 0.607268 0.046893 0.079719
490 0.725674 0.570340 0.084408 0.092614
255 0.648886 0.491208 0.357562 0.377491
255 0.409730 0.638335 0.622509 0.648300
255 0.151817 0.799531 0.137163 0.189918
255 0.858148 0.673505 0.145369 0.247362
