387 0.264361 0.215123 0.308324 0.207503
387 0.174091 0.532825 0.322392 0.357562
387 0.842321 0.352286 0.207503 0.130129
387 0.151817 0.881008 0.268464 0.202814
387 0.522860 0.913247 0.419695 0.161782
387 0.834701 0.925557 0.232122 0.141852
387 0.854631 0.626026 0.267292 0.187573
310 0.509379 0.544549 0.957796 0.784291
464 0.189332 0.837046 0.291911 0.304807
464 0.150645 0.427315 0.254396 0.174678
464 0.774326 0.219226 0.207503 0.140680
464 0.832943 0.769050 0.315358 0.264947
464 0.709261 0.947831 0.178195 0.087925
