464 0.644197 0.210434 0.317702 0.237984
464 0.389801 0.798359 0.247362 0.222743
464 0.180539 0.667057 0.119578 0.145369
289 0.293669 0.623681 0.130129 0.152403
289 0.161782 0.522860 0.138335 0.152403
289 0.077374 0.394490 0.112544 0.069168
289 0.606096 0.668230 0.075029 0.077374
289 0.319461 0.384525 0.083236 0.079719
142 0.388628 0.266706 0.320047 0.369285
142 0.070340 0.490621 0.114889 0.322392
142 0.458382 0.645955 0.480657 0.567409
285 0.515826 0.544549 0.780774 0.814771
496 0.451934 0.181125 0.486518 0.282532
496 0.299531 0.615475 0.327081 0.337632
