496 0.489572 0.568132 0.722283 0.582418
96 0.614160 0.334615 0.152580 0.119780
96 0.743139 0.801099 0.144896 0.162637
96 0.799671 0.432967 0.066959 0.103297
35 0.420966 0.567033 0.264544 0.156044
35 0.725576 0.641209 0.094402 0.207692
116 0.613063 0.563187 0.264544 0.231868
116 0.417124 0.652198 0.092206 0.095604
116 0.441822 0.376374 0.093304 0.080220
116 0.319429 0.432967 0.087816 0.092308
116 0.205818 0.802198 0.069155 0.085714
116 0.819429 0.521978 0.082327 0.085714
147 0.354555 0.775824 0.237102 0.248352
147 0.758507 0.789560 0.164654 0.225275
