419 0.248373 0.228292 0.210412 0.242402
419 0.388286 0.285818 0.254519 0.432706
419 0.558568 0.330680 0.114967 0.182344
419 0.600868 0.138205 0.154736 0.162084
419 0.814534 0.319465 0.342010 0.249638
419 0.808388 0.621201 0.315257 0.502894
419 0.432032 0.679812 0.077368 0.110709
419 0.122198 0.518452 0.177874 0.067294
419 0.751988 0.847323 0.092552 0.075253
419 0.582430 0.891100 0.032538 0.102026
390 0.539769 0.529667 0.207520 0.240232
390 0.236081 0.171852 0.269704 0.190304
390 0.212220 0.630970 0.422993 0.552822
390 0.498192 0.804993 0.240058 0.365412
390 0.687274 0.886397 0.242227 0.222865
390 0.888286 0.809696 0.194505 0.240232
