176 0.232301 0.359735 0.222124 0.160177
176 0.177434 0.593805 0.232743 0.182301
176 0.732743 0.347345 0.272566 0.184956
176 0.779646 0.638496 0.267257 0.128319
13 0.469912 0.296018 0.237168 0.098230
13 0.772566 0.473451 0.267257 0.237168
13 0.446018 0.700885 0.339823 0.138053
159 0.152212 0.498230 0.138053 0.162832
159 0.234956 0.699558 0.123009 0.094690
159 0.731416 0.479646 0.275221 0.164602
159 0.376106 0.307080 0.189381 0.079646
159 0.587611 0.761947 0.242478 0.090265
303 0.433628 0.532301 0.304425 0.209735
