416 0.629202 0.658447 0.090336 0.087093
416 0.546218 0.379328 0.470588 0.305352
416 0.497899 0.568206 0.105042 0.087093
416 0.181723 0.486884 0.088235 0.100735
416 0.369748 0.663169 0.092437 0.092340
460 0.100315 0.494229 0.150210 0.186779
460 0.647059 0.176810 0.207983 0.137461
460 0.875000 0.536726 0.161765 0.192025
460 0.405462 0.781742 0.235294 0.157398
186 0.498424 0.640084 0.074580 0.081847
186 0.736870 0.353095 0.095588 0.135362
186 0.865546 0.397167 0.067227 0.087093
186 0.269958 0.370934 0.102941 0.080797
186 0.573004 0.323190 0.112395 0.065058
186 0.685399 0.680483 0.112395 0.110178
186 0.490021 0.242917 0.057773 0.045121
186 0.182248 0.679433 0.057773 0.047219
292 0.332983 0.585519 0.300420 0.258132
292 0.407038 0.270724 0.238445 0.211962
292 0.638130 0.616999 0.305672 0.220357
385 0.548319 0.494229 0.735294 0.694648
