185 0.482109 0.463242 0.472693 0.713478
185 0.495763 0.464185 0.550847 0.585297
368 0.268362 0.703110 0.199623 0.137606
368 0.282957 0.418002 0.179849 0.097078
368 0.375706 0.226673 0.295669 0.210179
345 0.178437 0.762488 0.110169 0.099906
345 0.399718 0.551838 0.087571 0.080113
345 0.694444 0.631951 0.102637 0.080113
345 0.845574 0.643261 0.084746 0.081998
368 0.348399 0.271913 0.244821 0.355325
368 0.370998 0.769557 0.359699 0.285580
345 0.177024 0.768615 0.101695 0.102733
345 0.409134 0.547125 0.087571 0.100848
345 0.374765 0.720547 0.097928 0.072573
345 0.701977 0.646089 0.066855 0.102733
345 0.841808 0.642319 0.097928 0.070688
