340 0.487969 0.556250 0.935515 0.824038
42 0.557267 0.775962 0.250241 0.317308
42 0.364293 0.604808 0.095284 0.109615
42 0.288258 0.684615 0.077960 0.065385
42 0.221848 0.569712 0.095284 0.095192
42 0.638114 0.500000 0.383061 0.200000
42 0.351781 0.351923 0.110683 0.125000
42 0.678537 0.298558 0.123195 0.077885
388 0.473051 0.371154 0.153032 0.217308
388 0.296920 0.412981 0.164581 0.287500
388 0.380654 0.779327 0.156882 0.304808
388 0.742060 0.636058 0.165544 0.177885
388 0.762271 0.409615 0.105871 0.105769
