386 0.622302 0.509004 0.717026 0.722689
390 0.621703 0.519208 0.509592 0.330132
89 0.608513 0.498199 0.217026 0.168067
10 0.752998 0.658463 0.182254 0.183673
10 0.637890 0.798319 0.191847 0.108043
10 0.368106 0.288715 0.191847 0.205282
10 0.887890 0.530612 0.077938 0.132053
42 0.821942 0.297719 0.104317 0.043217
42 0.750600 0.225090 0.081535 0.078031
42 0.357914 0.417167 0.101918 0.094838
42 0.573141 0.714286 0.107914 0.060024
42 0.488609 0.800120 0.142686 0.080432
42 0.943046 0.663866 0.082734 0.062425
42 0.343525 0.569028 0.077938 0.060024
