4 0.531969 0.779487 0.194373 0.143590
4 0.290281 0.512821 0.273657 0.574359
4 0.510230 0.557692 0.237852 0.310256
4 0.615090 0.543590 0.109974 0.071795
4 0.704604 0.651282 0.089514 0.097436
248 0.691816 0.552564 0.345269 0.505128
248 0.349105 0.694872 0.171355 0.271795
248 0.442455 0.235897 0.107417 0.097436
45 0.442455 0.716667 0.117647 0.176923
45 0.361893 0.580769 0.053708 0.058974
45 0.393862 0.415385 0.051151 0.076923
45 0.471867 0.484615 0.058824 0.087179
168 0.575448 0.141026 0.281330 0.246154
