340 0.496767 0.465517 0.941810 0.681034
289 0.253233 0.217672 0.256466 0.155172
289 0.667026 0.216595 0.165948 0.140086
289 0.320043 0.417026 0.510776 0.243534
289 0.125000 0.637931 0.137931 0.172414
289 0.334052 0.651940 0.133621 0.191810
289 0.776940 0.451509 0.290948 0.450431
289 0.512931 0.676724 0.112069 0.176724
2 0.565733 0.589440 0.170259 0.118534
2 0.566810 0.353448 0.094828 0.202586
2 0.312500 0.322198 0.047414 0.196121
2 0.173491 0.544181 0.084052 0.230603
2 0.405172 0.558190 0.056034 0.081897
