322 0.483755 0.527711 0.965102 0.910843
463 0.351986 0.338554 0.058965 0.077108
463 0.439230 0.260843 0.074609 0.092771
463 0.607100 0.358434 0.109507 0.068675
463 0.338147 0.453614 0.151625 0.102410
463 0.055957 0.419880 0.102286 0.160241
463 0.463297 0.557831 0.108303 0.130120
463 0.758123 0.624096 0.211793 0.183133
463 0.548736 0.907831 0.262335 0.140964
463 0.584236 0.695181 0.145608 0.149398
463 0.110710 0.766265 0.052948 0.067470
463 0.219615 0.750000 0.085439 0.140964
463 0.598676 0.249398 0.097473 0.065060
