119 0.637324 0.394953 0.460094 0.674883
381 0.201878 0.392606 0.232394 0.224178
416 0.406690 0.093310 0.130282 0.123239
386 0.518779 0.326291 0.016432 0.028169
386 0.434859 0.691315 0.505869 0.436620
386 0.428404 0.511150 0.039906 0.024648
386 0.387324 0.507042 0.007042 0.007042
386 0.460094 0.555164 0.009390 0.009390
386 0.466549 0.595657 0.015258 0.015258
386 0.504695 0.640845 0.007042 0.007042
386 0.494718 0.848005 0.069249 0.034038
273 0.779343 0.257042 0.115023 0.145540
247 0.695423 0.138498 0.167840 0.152582
