464 0.618644 0.800847 0.060533 0.059322
464 0.319007 0.714891 0.190073 0.262712
464 0.510896 0.642252 0.104116 0.127119
464 0.298426 0.365617 0.129540 0.135593
464 0.502421 0.319613 0.087167 0.082324
464 0.808111 0.404358 0.110169 0.101695
177 0.409806 0.484867 0.553269 0.727603
433 0.312349 0.802058 0.067797 0.112591
433 0.304479 0.268160 0.107748 0.081114
433 0.539952 0.456416 0.312349 0.622276
11 0.582324 0.788136 0.142857 0.254237
11 0.423729 0.202179 0.075061 0.138015
11 0.613196 0.214286 0.054479 0.058111
11 0.147094 0.340799 0.061743 0.064165
