443 0.456359 0.597500 0.339152 0.335000
443 0.821696 0.307500 0.236908 0.270000
443 0.271820 0.718750 0.144638 0.137500
442 0.385287 0.487500 0.266833 0.350000
442 0.488778 0.778750 0.389027 0.167500
442 0.511222 0.265000 0.149626 0.095000
442 0.135910 0.648750 0.072319 0.127500
442 0.129676 0.440000 0.064838 0.095000
11 0.649626 0.386250 0.192020 0.192500
11 0.775561 0.717500 0.119701 0.095000
24 0.294264 0.531250 0.433915 0.682500
24 0.446384 0.158750 0.099751 0.072500
24 0.669576 0.707500 0.211970 0.315000
464 0.790524 0.532500 0.399002 0.260000
464 0.497506 0.325000 0.241895 0.380000
