443 0.562500 0.552802 0.090517 0.084052
443 0.315733 0.473060 0.144397 0.101293
443 0.690733 0.441810 0.066810 0.107759
443 0.410560 0.725216 0.079741 0.092672
11 0.294181 0.558190 0.127155 0.107759
11 0.465517 0.593750 0.172414 0.118534
442 0.448276 0.349138 0.280172 0.193966
442 0.496767 0.454741 0.148707 0.137931
442 0.400862 0.662716 0.189655 0.062500
442 0.643319 0.440733 0.032328 0.049569
442 0.625000 0.612069 0.068966 0.047414
24 0.419181 0.470905 0.118534 0.153017
24 0.261853 0.345905 0.075431 0.045259
24 0.476293 0.245690 0.133621 0.047414
24 0.590517 0.681034 0.090517 0.056034
24 0.570043 0.453664 0.174569 0.170259
464 0.369612 0.342672 0.170259 0.103448
464 0.658405 0.313578 0.153017 0.140086
464 0.661638 0.586207 0.133621 0.181034
464 0.425647 0.642241 0.174569 0.073276
