320 0.471322 0.506250 0.827930 0.827500
465 0.483791 0.516250 0.802993 0.737500
287 0.528678 0.717500 0.074813 0.105000
287 0.225686 0.522500 0.057357 0.075000
287 0.779302 0.416250 0.172070 0.227500
337 0.306733 0.376250 0.319202 0.217500
337 0.417706 0.192500 0.072319 0.070000
337 0.544888 0.207500 0.062344 0.065000
337 0.441397 0.315000 0.049875 0.045000
337 0.596010 0.425000 0.199501 0.205000
337 0.254364 0.515000 0.044888 0.060000
337 0.218204 0.585000 0.072319 0.060000
337 0.362843 0.532500 0.067332 0.075000
337 0.301746 0.586250 0.044888 0.042500
337 0.475062 0.571250 0.062344 0.057500
337 0.387781 0.657500 0.072319 0.095000
337 0.662095 0.645000 0.097257 0.130000
337 0.486284 0.666250 0.029925 0.102500
337 0.574813 0.717500 0.027431 0.065000
