11 0.639560 0.893407 0.131868 0.090110
11 0.458242 0.797802 0.213187 0.123077
11 0.676923 0.567033 0.197802 0.210989
11 0.327473 0.559341 0.158242 0.129670
11 0.514286 0.308791 0.101099 0.134066
11 0.229670 0.349451 0.072527 0.096703
11 0.472527 0.068132 0.123077 0.105495
11 0.224176 0.192308 0.224176 0.156044
11 0.215385 0.812088 0.079121 0.050549
432 0.382418 0.380220 0.210989 0.206593
432 0.412088 0.164835 0.309890 0.175824
432 0.813187 0.665934 0.162637 0.232967
432 0.097802 0.489011 0.160440 0.265934
0 0.507692 0.707692 0.105495 0.123077
0 0.456044 0.585714 0.098901 0.138462
0 0.770330 0.418681 0.072527 0.059341
0 0.661538 0.668132 0.131868 0.114286
0 0.281319 0.871429 0.065934 0.090110
