68 0.705210 0.522236 0.292249 0.310038
68 0.310673 0.478399 0.367217 0.341804
223 0.691868 0.512706 0.204574 0.235070
223 0.284625 0.488564 0.434562 0.407878
176 0.461881 0.805591 0.479034 0.322745
273 0.432656 0.726175 0.072427 0.108005
273 0.287166 0.775731 0.104193 0.057179
273 0.390089 0.888818 0.152478 0.108005
273 0.642313 0.882465 0.074968 0.069886
273 0.538119 0.928208 0.057179 0.067344
162 0.205210 0.522236 0.077510 0.195680
162 0.325286 0.504447 0.152478 0.185515
162 0.405972 0.421855 0.062262 0.160102
162 0.730623 0.514612 0.096569 0.114358
