161 0.481807 0.765704 0.087829 0.149497
161 0.513174 0.461683 0.070263 0.091709
161 0.323714 0.197236 0.070263 0.060302
161 0.148055 0.843593 0.100376 0.119347
161 0.116060 0.566583 0.084065 0.097990
161 0.453576 0.964824 0.084065 0.062814
464 0.345044 0.832286 0.132999 0.076633
464 0.293601 0.325377 0.110414 0.115578
35 0.713300 0.478015 0.199498 0.134422
35 0.403388 0.604271 0.224592 0.203518
35 0.304893 0.322864 0.117942 0.100503
35 0.103513 0.375628 0.074028 0.135678
386 0.433501 0.917085 0.360100 0.138191
386 0.723338 0.730528 0.294856 0.295226
386 0.173777 0.728015 0.294856 0.340452
386 0.229611 0.461683 0.143036 0.257538
386 0.535759 0.111181 0.519448 0.217337
386 0.428482 0.273869 0.234630 0.467337
386 0.593476 0.390075 0.095358 0.285176
386 0.813676 0.238065 0.224592 0.194724
386 0.134881 0.171482 0.126725 0.061558
23 0.695107 0.241206 0.062735 0.057789
23 0.319950 0.118719 0.107905 0.096734
