386 0.499373 0.476759 0.948557 0.918342
116 0.538269 0.462312 0.085320 0.075377
116 0.494354 0.235553 0.143036 0.141960
116 0.131744 0.358040 0.052698 0.082915
116 0.720828 0.429648 0.114178 0.100503
116 0.293601 0.582915 0.075282 0.067839
24 0.335634 0.547739 0.074028 0.092965
24 0.694479 0.470477 0.101631 0.071608
24 0.161857 0.580402 0.087829 0.108040
24 0.282309 0.812186 0.082811 0.134422
24 0.499373 0.788945 0.082811 0.087940
161 0.163112 0.293970 0.170640 0.170854
161 0.506901 0.167714 0.198243 0.162060
161 0.410916 0.882538 0.164366 0.134422
161 0.165621 0.809673 0.125471 0.099246
464 0.420954 0.629397 0.294856 0.221106
464 0.500627 0.090452 0.250941 0.180905
464 0.589711 0.803392 0.148055 0.182161
464 0.562108 0.340452 0.148055 0.138191
