369 0.572704 0.731458 0.170918 0.204604
369 0.271684 0.445013 0.109694 0.122762
369 0.413265 0.253197 0.204082 0.092072
142 0.428571 0.461637 0.454082 0.462916
161 0.698980 0.221228 0.107143 0.161125
161 0.835459 0.363171 0.104592 0.122762
161 0.599490 0.460358 0.147959 0.086957
161 0.806122 0.629156 0.188776 0.260870
161 0.246173 0.663683 0.186224 0.196931
161 0.487245 0.789003 0.132653 0.145780
34 0.594388 0.109974 0.076531 0.071611
34 0.795918 0.264706 0.096939 0.120205
34 0.636480 0.306905 0.165816 0.179028
34 0.326531 0.818414 0.224490 0.153453
34 0.710459 0.516624 0.262755 0.132992
34 0.294643 0.544757 0.206633 0.117647
34 0.565051 0.820972 0.084184 0.102302
34 0.744898 0.780051 0.086735 0.066496
34 0.167092 0.409207 0.053571 0.061381
289 0.733418 0.352941 0.063776 0.076726
289 0.487245 0.305627 0.076531 0.089514
289 0.409439 0.732737 0.140306 0.171355
