480 0.442857 0.445055 0.454945 0.586813
480 0.441758 0.458242 0.435165 0.635165
480 0.441758 0.452747 0.435165 0.619780
480 0.438462 0.456044 0.441758 0.639560
480 0.435165 0.463736 0.435165 0.637363
480 0.436264 0.454945 0.432967 0.619780
480 0.443956 0.457143 0.465934 0.632967
480 0.426374 0.461538 0.474725 0.606593
480 0.432967 0.447253 0.457143 0.608791
480 0.438462 0.456044 0.441758 0.608791
480 0.443956 0.456044 0.439560 0.617582
480 0.437363 0.462637 0.439560 0.621978
480 0.445055 0.451648 0.437363 0.608791
480 0.437363 0.460440 0.443956 0.617582
480 0.446154 0.445055 0.448352 0.617582
480 0.446154 0.443956 0.457143 0.606593
480 0.437363 0.458242 0.430769 0.600000
480 0.453846 0.457143 0.432967 0.641758
480 0.443956 0.449451 0.452747 0.613187
480 0.434066 0.452747 0.450549 0.610989
480 0.430769 0.447253 0.452747 0.626374
480 0.437363 0.457143 0.470330 0.610989
480 0.447253 0.449451 0.450549 0.630769
480 0.450549 0.456044 0.457143 0.630769
480 0.447253 0.468132 0.437363 0.610989
480 0.449451 0.446154 0.432967 0.624176
480 0.447253 0.457143 0.446154 0.624176
480 0.440659 0.459341 0.428571 0.641758
480 0.446154 0.438462 0.470330 0.635165
480 0.447253 0.442857 0.428571 0.630769
480 0.452747 0.449451 0.452747 0.639560
480 0.449451 0.456044 0.450549 0.626374
480 0.450549 0.457143 0.448352 0.628571
480 0.437363 0.448352 0.439560 0.624176
480 0.431868 0.459341 0.459341 0.597802
480 0.446154 0.456044 0.413187 0.608791
480 0.437363 0.462637 0.457143 0.621978
480 0.443956 0.464835 0.443956 0.617582
480 0.436264 0.448352 0.468132 0.624176
480 0.440659 0.448352 0.441758 0.619780
480 0.441758 0.445055 0.448352 0.613187
480 0.437363 0.467033 0.474725 0.617582
480 0.443956 0.458242 0.457143 0.600000
480 0.447253 0.454945 0.446154 0.637363
480 0.442857 0.456044 0.446154 0.635165
480 0.447253 0.445055 0.454945 0.635165
480 0.447253 0.450549 0.446154 0.615385
480 0.438462 0.453846 0.503297 0.635165
480 0.449451 0.447253 0.450549 0.608791
480 0.448352 0.454945 0.448352 0.619780
480 0.439560 0.447253 0.439560 0.621978
480 0.445055 0.454945 0.441758 0.606593
480 0.449451 0.452747 0.450549 0.624176
480 0.454945 0.450549 0.452747 0.615385
480 0.446154 0.445055 0.439560 0.635165
480 0.451648 0.454945 0.450549 0.602198
480 0.447253 0.452747 0.459341 0.610989
480 0.440659 0.451648 0.450549 0.600000
480 0.447253 0.449451 0.454945 0.639560
480 0.445055 0.456044 0.437363 0.626374
480 0.448352 0.448352 0.452747 0.606593
480 0.443956 0.456044 0.474725 0.626374
480 0.450549 0.450549 0.461538 0.619780
480 0.445055 0.456044 0.454945 0.617582
480 0.458242 0.462637 0.437363 0.578022
480 0.438462 0.456044 0.441758 0.617582
