340 0.377473 0.506839 0.736682 0.913374
2 0.074581 0.526596 0.124810 0.299392
2 0.264840 0.361702 0.164384 0.164134
2 0.363775 0.535714 0.347032 0.071429
2 0.478691 0.778116 0.178082 0.133739
2 0.114155 0.784954 0.082192 0.120061
42 0.293760 0.689210 0.173516 0.144377
42 0.410959 0.600304 0.100457 0.106383
42 0.080670 0.231003 0.112633 0.112462
42 0.244292 0.904255 0.092846 0.085106
42 0.035769 0.859422 0.068493 0.095745
89 0.226788 0.595745 0.097412 0.121581
89 0.375951 0.924772 0.182648 0.135258
