497 0.813776 0.501279 0.153061 0.209719
497 0.404337 0.438619 0.323980 0.161125
497 0.247449 0.754476 0.285714 0.255754
497 0.704082 0.803069 0.173469 0.132992
36 0.493622 0.260870 0.543367 0.219949
36 0.150510 0.491049 0.132653 0.286445
36 0.632653 0.606138 0.346939 0.419437
433 0.767857 0.372123 0.158163 0.135550
433 0.395408 0.621483 0.352041 0.296675
433 0.131378 0.476982 0.176020 0.074169
282 0.489796 0.813299 0.331633 0.184143
282 0.623724 0.335038 0.165816 0.132992
282 0.770408 0.658568 0.178571 0.176471
282 0.230867 0.554987 0.043367 0.153453
