340 0.494898 0.553708 0.928571 0.836317
340 0.094388 0.891304 0.091837 0.120205
310 0.362245 0.565217 0.367347 0.710997
310 0.451531 0.259591 0.117347 0.186701
310 0.651786 0.539642 0.242347 0.291560
310 0.843112 0.480818 0.160714 0.194373
310 0.190051 0.442455 0.140306 0.061381
225 0.206633 0.531969 0.336735 0.235294
225 0.632653 0.657289 0.142857 0.112532
387 0.480867 0.429668 0.334184 0.296675
387 0.232143 0.658568 0.377551 0.309463
387 0.112245 0.400256 0.209184 0.104859
387 0.681122 0.814578 0.545918 0.324808
