389 0.216837 0.340153 0.234694 0.163683
389 0.635204 0.262148 0.377551 0.253197
389 0.292092 0.613811 0.262755 0.276215
389 0.734694 0.548593 0.285714 0.324808
370 0.508929 0.609974 0.762755 0.386189
268 0.464286 0.363171 0.275510 0.312020
268 0.149235 0.570332 0.145408 0.163683
268 0.858418 0.505115 0.155612 0.135550
268 0.575255 0.789003 0.257653 0.156010
412 0.719388 0.326087 0.214286 0.130435
412 0.243622 0.375959 0.206633 0.071611
412 0.341837 0.617647 0.153061 0.207161
412 0.483418 0.221228 0.079082 0.135550
412 0.676020 0.581841 0.183673 0.273657
303 0.556122 0.539642 0.295918 0.352941
