497 0.489796 0.533248 0.969388 0.872123
219 0.760204 0.666240 0.413265 0.278772
330 0.610969 0.335038 0.390306 0.327366
330 0.566327 0.287724 0.112245 0.043478
330 0.215561 0.489770 0.257653 0.406650
330 0.661990 0.583120 0.349490 0.163683
330 0.380102 0.725064 0.117347 0.268542
45 0.072704 0.535806 0.135204 0.135550
45 0.371173 0.455243 0.094388 0.214834
45 0.511480 0.205882 0.125000 0.089514
45 0.918367 0.218670 0.096939 0.135550
45 0.775510 0.494885 0.076531 0.104859
45 0.445153 0.695652 0.135204 0.153453
361 0.811224 0.262148 0.163265 0.191816
361 0.595663 0.305627 0.165816 0.161125
361 0.613520 0.502558 0.196429 0.130435
361 0.443878 0.574169 0.086735 0.135550
361 0.219388 0.792839 0.275510 0.373402
361 0.904337 0.457801 0.130102 0.097187
