298 0.489796 0.493606 0.897959 0.813299
413 0.448980 0.375959 0.683673 0.491049
142 0.470663 0.737852 0.150510 0.212276
142 0.317602 0.709719 0.058673 0.094629
142 0.646684 0.161125 0.135204 0.107417
142 0.873724 0.517903 0.094388 0.135550
186 0.235969 0.608696 0.165816 0.281330
186 0.177296 0.324808 0.150510 0.163683
186 0.460459 0.185422 0.145408 0.145780
186 0.423469 0.430946 0.091837 0.084399
186 0.395408 0.595908 0.091837 0.148338
186 0.663265 0.581841 0.301020 0.196931
186 0.815051 0.491049 0.119898 0.122762
186 0.676020 0.337596 0.188776 0.117647
287 0.477041 0.732737 0.734694 0.248082
361 0.343112 0.464194 0.609694 0.304348
361 0.471939 0.272379 0.153061 0.084399
361 0.304847 0.158568 0.068878 0.056266
