323 0.512148 0.104859 0.139386 0.099744
323 0.731458 0.272379 0.235294 0.309463
323 0.520460 0.210997 0.207161 0.107417
323 0.616368 0.577366 0.445013 0.645780
323 0.304348 0.468670 0.225064 0.303069
323 0.145141 0.388747 0.062660 0.127877
323 0.154092 0.596547 0.190537 0.172634
323 0.287084 0.797315 0.139386 0.090793
213 0.594629 0.372123 0.089514 0.209719
213 0.348465 0.304987 0.392583 0.200767
213 0.474425 0.638747 0.260870 0.392583
213 0.278133 0.553708 0.198210 0.227621
213 0.470588 0.326087 0.071611 0.102302
213 0.732097 0.519821 0.144501 0.239130
213 0.765985 0.739770 0.127877 0.185422
213 0.487852 0.877238 0.052430 0.069054
213 0.342072 0.759591 0.054987 0.079284
294 0.129156 0.480818 0.099744 0.076726
294 0.196931 0.735294 0.130435 0.109974
294 0.698210 0.466113 0.086957 0.103581
294 0.328645 0.197570 0.107417 0.054987
294 0.485934 0.150895 0.097187 0.092072
294 0.712916 0.742327 0.067775 0.118926
