323 0.729426 0.198750 0.326683 0.197500
323 0.210723 0.522500 0.256858 0.410000
323 0.760599 0.638750 0.453865 0.712500
323 0.329177 0.097500 0.344140 0.120000
94 0.372818 0.306250 0.182045 0.232500
94 0.759352 0.278750 0.077307 0.067500
94 0.144638 0.745000 0.124688 0.160000
94 0.361596 0.865000 0.244389 0.155000
305 0.534913 0.748750 0.137157 0.272500
93 0.420200 0.280000 0.401496 0.280000
93 0.347880 0.892500 0.261845 0.165000
93 0.149626 0.732500 0.144638 0.160000
323 0.504988 0.547500 0.960100 0.870000
