337 0.301020 0.217391 0.188776 0.056266
337 0.294643 0.396419 0.303571 0.199488
337 0.482143 0.478261 0.066327 0.071611
337 0.450255 0.677749 0.145408 0.163683
337 0.765306 0.537084 0.091837 0.061381
337 0.589286 0.896419 0.188776 0.186701
337 0.753827 0.753197 0.058673 0.069054
337 0.191327 0.735294 0.086735 0.094629
337 0.238520 0.840153 0.068878 0.089514
337 0.405612 0.918159 0.066327 0.102302
337 0.563776 0.193095 0.066327 0.069054
337 0.423469 0.037084 0.091837 0.074169
22 0.687500 0.273657 0.130102 0.214834
22 0.762755 0.641944 0.117347 0.179028
22 0.301020 0.831202 0.183673 0.276215
22 0.354592 0.265985 0.102041 0.066496
