285 0.489796 0.479540 0.852041 0.652174
464 0.411990 0.285166 0.130102 0.104859
464 0.340561 0.437340 0.176020 0.143223
464 0.071429 0.471867 0.122449 0.145780
464 0.637755 0.407928 0.137755 0.104859
464 0.812500 0.326087 0.094388 0.104859
464 0.797194 0.696931 0.125000 0.109974
464 0.610969 0.822251 0.201531 0.099744
464 0.248724 0.905371 0.176020 0.112532
11 0.482143 0.180307 0.081633 0.130435
11 0.559949 0.234015 0.063776 0.115090
11 0.375000 0.615090 0.107143 0.063939
11 0.503827 0.727621 0.099490 0.079284
11 0.693878 0.725064 0.096939 0.094629
11 0.360969 0.861893 0.308673 0.209719
