386 0.365318 0.822917 0.335260 0.159722
386 0.638728 0.370949 0.227746 0.443287
93 0.760116 0.209491 0.415029 0.314815
93 0.191329 0.577546 0.322543 0.085648
93 0.197688 0.750579 0.365318 0.075231
463 0.387861 0.218171 0.109827 0.082176
463 0.545087 0.680556 0.280925 0.400463
463 0.763584 0.482060 0.107514 0.100694
161 0.220231 0.666088 0.359538 0.107639
161 0.772254 0.710069 0.309827 0.274306
326 0.501156 0.445602 0.193064 0.243056
27 0.779769 0.417245 0.109827 0.070602
27 0.287283 0.236111 0.139884 0.067130
27 0.404624 0.175926 0.150289 0.092593
