419 0.490751 0.135995 0.105202 0.200231
419 0.842197 0.538194 0.267052 0.233796
386 0.432948 0.509259 0.771098 0.909722
355 0.844509 0.342014 0.211561 0.260417
230 0.699422 0.147569 0.328324 0.228009
11 0.535838 0.763889 0.109827 0.092593
11 0.404624 0.436921 0.131792 0.170139
11 0.593064 0.639468 0.124855 0.190972
11 0.093642 0.687500 0.094798 0.090278
464 0.497110 0.355324 0.147977 0.148148
464 0.212139 0.299190 0.163006 0.135417
464 0.205780 0.681713 0.120231 0.125000
464 0.452023 0.707176 0.131792 0.134259
18 0.510405 0.561921 0.445087 0.575231
18 0.406936 0.339120 0.238150 0.331019
