161 0.748130 0.546250 0.264339 0.382500
161 0.430175 0.518750 0.316708 0.407500
305 0.244389 0.491250 0.184539 0.217500
305 0.602244 0.477500 0.162095 0.505000
305 0.780549 0.728750 0.359102 0.427500
305 0.229426 0.863750 0.204489 0.157500
305 0.870324 0.891250 0.184539 0.097500
464 0.922693 0.706250 0.149626 0.307500
464 0.260599 0.685000 0.481297 0.310000
186 0.461347 0.921250 0.129676 0.137500
186 0.228180 0.800000 0.167082 0.095000
186 0.461347 0.258750 0.109726 0.132500
186 0.822943 0.442500 0.099751 0.095000
