161 0.279110 0.512000 0.277397 0.260571
161 0.740868 0.204000 0.335616 0.216000
161 0.243151 0.152000 0.175799 0.185143
161 0.803082 0.509143 0.229452 0.250286
11 0.103311 0.502857 0.204338 0.262857
11 0.678082 0.438286 0.130137 0.202286
11 0.885845 0.700000 0.180365 0.170286
464 0.246575 0.685714 0.292237 0.178286
464 0.885274 0.578286 0.224886 0.112000
464 0.895548 0.296571 0.170091 0.190857
292 0.501712 0.313143 0.966895 0.482286
292 0.498288 0.793714 0.880137 0.362286
35 0.384132 0.818857 0.113014 0.092571
35 0.613014 0.846857 0.390411 0.265143
35 0.469749 0.168000 0.172374 0.187429
35 0.106164 0.315429 0.184932 0.162286
35 0.945205 0.446857 0.105023 0.176000
