185 0.718418 0.812869 0.192444 0.102715
185 0.378985 0.864227 0.212515 0.120425
249 0.679457 0.605667 0.279811 0.252656
249 0.444510 0.290437 0.315230 0.136954
249 0.187721 0.502952 0.170012 0.181818
249 0.878394 0.592090 0.122786 0.114522
4 0.532468 0.435065 0.540732 0.452184
4 0.432113 0.781582 0.455726 0.420307
479 0.803424 0.771547 0.142857 0.100354
479 0.517119 0.497639 0.165289 0.312869
479 0.351830 0.516529 0.085006 0.055490
479 0.444510 0.606848 0.064935 0.054309
479 0.523613 0.750885 0.081464 0.037780
11 0.556080 0.526564 0.668241 0.625738
