24 0.460440 0.174725 0.072527 0.076923
24 0.185714 0.367033 0.085714 0.105495
24 0.224176 0.562637 0.149451 0.136264
24 0.312088 0.428571 0.083516 0.149451
24 0.537363 0.650549 0.063736 0.070330
24 0.481319 0.514286 0.039560 0.057143
161 0.354945 0.760440 0.243956 0.197802
161 0.635165 0.584615 0.153846 0.184615
161 0.820879 0.421978 0.164835 0.215385
161 0.368132 0.348352 0.142857 0.085714
186 0.778022 0.774725 0.074725 0.094505
186 0.507692 0.304396 0.149451 0.147253
186 0.153846 0.489011 0.061538 0.098901
186 0.224176 0.580220 0.061538 0.061538
161 0.354945 0.760440 0.243956 0.197802
161 0.635165 0.584615 0.153846 0.184615
161 0.820879 0.421978 0.164835 0.215385
161 0.368132 0.348352 0.142857 0.085714
186 0.778022 0.774725 0.074725 0.094505
186 0.507692 0.304396 0.149451 0.147253
186 0.153846 0.489011 0.061538 0.098901
186 0.224176 0.580220 0.061538 0.061538
