304 0.532419 0.436250 0.870324 0.862500
42 0.468828 0.641250 0.094763 0.112500
42 0.541147 0.710000 0.099751 0.080000
42 0.690773 0.666250 0.154613 0.152500
42 0.652120 0.501250 0.092269 0.087500
42 0.764339 0.412500 0.122195 0.135000
42 0.847880 0.618750 0.069825 0.072500
42 0.920200 0.496250 0.089776 0.092500
186 0.683292 0.635000 0.448878 0.485000
186 0.688279 0.432500 0.109726 0.100000
186 0.796758 0.297500 0.097257 0.095000
186 0.769327 0.657500 0.067332 0.070000
305 0.518703 0.533750 0.159601 0.142500
305 0.426434 0.825000 0.124688 0.090000
464 0.361596 0.613750 0.124688 0.122500
464 0.759352 0.713750 0.082294 0.102500
464 0.784289 0.583750 0.052369 0.077500
464 0.930175 0.505000 0.099751 0.115000
