322 0.491379 0.521552 0.931034 0.646552
322 0.155172 0.427802 0.060345 0.196121
42 0.140086 0.567888 0.094828 0.088362
42 0.223060 0.309267 0.109914 0.282328
42 0.741379 0.654095 0.099138 0.101293
42 0.257543 0.719828 0.101293 0.107759
42 0.418103 0.545259 0.090517 0.086207
42 0.658405 0.300647 0.058190 0.092672
464 0.094828 0.663793 0.068966 0.150862
464 0.240302 0.467672 0.140086 0.068966
464 0.528017 0.604526 0.172414 0.109914
464 0.203664 0.801724 0.226293 0.073276
464 0.342672 0.672414 0.081897 0.077586
464 0.285560 0.559267 0.053879 0.066810
289 0.688578 0.559267 0.140086 0.157328
289 0.341595 0.778017 0.058190 0.120690
289 0.490302 0.289871 0.088362 0.084052
