63 0.402743 0.236250 0.112219 0.082500
63 0.508728 0.181250 0.159601 0.107500
63 0.765586 0.250000 0.264339 0.210000
63 0.708229 0.567500 0.533666 0.410000
15 0.270574 0.567500 0.311721 0.485000
15 0.258105 0.270000 0.137157 0.160000
172 0.573566 0.422500 0.423940 0.380000
230 0.233167 0.522500 0.112219 0.060000
230 0.214464 0.355000 0.119701 0.065000
230 0.473815 0.636250 0.119701 0.097500
388 0.148379 0.518750 0.157107 0.107500
388 0.274314 0.401250 0.094763 0.092500
388 0.340399 0.542500 0.072319 0.050000
172 0.162095 0.515000 0.279302 0.510000
464 0.775561 0.670000 0.089776 0.075000
464 0.310474 0.216250 0.092269 0.087500
42 0.334165 0.460000 0.074813 0.085000
42 0.387781 0.296250 0.062344 0.067500
42 0.744389 0.487500 0.067332 0.085000
42 0.477556 0.588750 0.092269 0.082500
4 0.394015 0.155000 0.144638 0.125000
4 0.624688 0.201250 0.112219 0.157500
4 0.866584 0.378750 0.152120 0.157500
4 0.594763 0.677500 0.102244 0.160000
81 0.844140 0.573750 0.162095 0.102500
