386 0.327878 0.331828 0.448081 0.462754
386 0.459368 0.828442 0.559819 0.329571
386 0.865124 0.719526 0.197517 0.247178
35 0.616253 0.443567 0.629797 0.415350
35 0.309255 0.549661 0.510158 0.381490
35 0.811512 0.748307 0.230248 0.225734
24 0.745485 0.513544 0.123025 0.225734
24 0.143905 0.781038 0.249436 0.295711
24 0.524266 0.649549 0.339729 0.177201
116 0.876411 0.475734 0.109481 0.104966
116 0.781603 0.291761 0.129797 0.102709
116 0.726298 0.959932 0.084650 0.062077
116 0.463883 0.770880 0.065463 0.060948
116 0.160271 0.819977 0.092551 0.107223
116 0.635440 0.649549 0.067720 0.073363
