145 0.744612 0.295259 0.226293 0.176724
186 0.137931 0.470905 0.081897 0.088362
186 0.322198 0.396552 0.092672 0.068966
186 0.447198 0.428879 0.092672 0.068966
186 0.626078 0.457974 0.079741 0.062500
186 0.780172 0.473060 0.056034 0.079741
186 0.215517 0.608836 0.068966 0.066810
17 0.626078 0.606681 0.510776 0.256466
443 0.202586 0.696121 0.112069 0.116379
443 0.439655 0.756466 0.125000 0.120690
443 0.448276 0.616379 0.107759 0.116379
443 0.725216 0.540948 0.312500 0.258621
496 0.404095 0.393319 0.601293 0.359914
