93 0.294264 0.347500 0.114713 0.145000
93 0.387781 0.257500 0.087282 0.085000
93 0.642145 0.753750 0.216958 0.097500
93 0.745636 0.262500 0.159601 0.040000
93 0.770574 0.612500 0.114713 0.115000
118 0.488778 0.168750 0.463840 0.322500
118 0.886534 0.416250 0.221945 0.522500
118 0.226933 0.670000 0.234414 0.460000
118 0.502494 0.901250 0.211970 0.152500
118 0.721945 0.805000 0.216958 0.220000
42 0.293017 0.481250 0.117207 0.132500
42 0.618454 0.488750 0.448878 0.447500
42 0.460100 0.738750 0.206983 0.117500
