386 0.573236 0.403333 0.765646 0.310667
386 0.627164 0.753333 0.601864 0.320000
386 0.553262 0.720000 0.134487 0.122667
386 0.258322 0.767333 0.159787 0.108000
35 0.685087 0.706667 0.145140 0.162667
35 0.565912 0.890000 0.114514 0.052000
35 0.240346 0.446667 0.070573 0.053333
496 0.665779 0.572000 0.284953 0.192000
496 0.231691 0.630667 0.146471 0.149333
496 0.462716 0.405333 0.225033 0.125333
496 0.831558 0.422000 0.062583 0.102667
305 0.565246 0.752000 0.110519 0.066667
305 0.908123 0.416667 0.101198 0.132000
