496 0.254328 0.848667 0.202397 0.129333
496 0.574567 0.568000 0.717710 0.680000
496 0.197736 0.694667 0.054594 0.066667
464 0.197736 0.770667 0.059920 0.085333
464 0.460719 0.758000 0.394141 0.300000
434 0.258322 0.294000 0.090546 0.062667
434 0.359521 0.200000 0.042610 0.056000
434 0.472037 0.218667 0.062583 0.072000
434 0.645806 0.192667 0.074567 0.076000
434 0.755659 0.055333 0.065246 0.065333
384 0.218375 0.624000 0.255659 0.362667
384 0.444740 0.746667 0.162450 0.208000
384 0.836884 0.797333 0.113182 0.117333
496 0.561252 0.562000 0.744341 0.726667
496 0.251664 0.841333 0.205060 0.138667
496 0.190413 0.697333 0.082557 0.069333
464 0.406791 0.748667 0.475366 0.313333
434 0.486684 0.230667 0.065246 0.082667
434 0.645806 0.182000 0.077230 0.100000
434 0.746338 0.047333 0.075899 0.062667
434 0.364847 0.205333 0.077230 0.077333
434 0.268309 0.293333 0.062583 0.072000
