344 0.136569 0.522009 0.092551 0.098194
344 0.219526 0.673251 0.287810 0.229120
344 0.507901 0.745485 0.395034 0.310384
344 0.544582 0.336907 0.682844 0.563205
344 0.829571 0.553047 0.286682 0.239278
248 0.313205 0.319413 0.249436 0.273138
248 0.229684 0.590858 0.127540 0.145598
248 0.452032 0.628104 0.251693 0.179458
248 0.755643 0.544582 0.285553 0.308126
248 0.964447 0.460497 0.057562 0.119639
248 0.720655 0.151806 0.075621 0.032731
286 0.581828 0.387133 0.612867 0.471783
4 0.757901 0.781038 0.150113 0.160271
4 0.261851 0.355530 0.146727 0.144470
4 0.894470 0.413093 0.082393 0.124153
