110 0.446429 0.358056 0.454082 0.455243
75 0.253827 0.547315 0.155612 0.102302
75 0.354592 0.740409 0.239796 0.196931
75 0.776786 0.462916 0.135204 0.158568
93 0.181122 0.606138 0.214286 0.184143
93 0.779337 0.621483 0.313776 0.081841
93 0.695153 0.442455 0.043367 0.071611
93 0.860969 0.503836 0.038265 0.040921
17 0.554847 0.806905 0.130102 0.135550
17 0.535714 0.639386 0.153061 0.143223
17 0.696429 0.510230 0.071429 0.120205
364 0.764031 0.739130 0.293367 0.173913
364 0.210459 0.496164 0.119898 0.086957
