408 0.637383 0.487407 0.628037 0.782649
408 0.228972 0.321828 0.132710 0.192164
408 0.169159 0.517257 0.117757 0.127799
408 0.352804 0.530784 0.105607 0.119403
408 0.262617 0.743470 0.155140 0.199627
75 0.351869 0.117071 0.187850 0.202425
75 0.181308 0.638060 0.147664 0.214552
75 0.686449 0.224813 0.305607 0.322761
75 0.663551 0.483209 0.190654 0.115672
75 0.361682 0.739272 0.037383 0.047575
25 0.146262 0.422108 0.057009 0.056903
25 0.543458 0.591884 0.075701 0.092351
464 0.415888 0.678172 0.155140 0.365672
464 0.287850 0.416978 0.211215 0.192164
