369 0.379268 0.558537 0.700000 0.704878
29 0.367073 0.482317 0.285366 0.223171
29 0.740854 0.452439 0.142683 0.173171
29 0.456098 0.743902 0.307317 0.419512
29 0.307317 0.675000 0.114634 0.176829
29 0.540854 0.519512 0.062195 0.087805
29 0.824390 0.398780 0.114634 0.119512
29 0.772561 0.583537 0.230488 0.050000
29 0.869512 0.704878 0.109756 0.092683
29 0.664634 0.875610 0.134146 0.100000
442 0.457317 0.696341 0.275610 0.509756
442 0.370732 0.658537 0.192683 0.109756
442 0.321341 0.815244 0.062195 0.157317
442 0.738415 0.647561 0.286585 0.473171
442 0.816463 0.518293 0.262195 0.080488
442 0.806098 0.426220 0.107317 0.074390
