171 0.495690 0.489224 0.491379 0.655172
464 0.429957 0.454741 0.170259 0.185345
464 0.406250 0.255388 0.092672 0.105603
464 0.559267 0.320043 0.183190 0.148707
496 0.381466 0.654095 0.133621 0.118534
496 0.519397 0.216595 0.133621 0.071121
496 0.306034 0.438578 0.073276 0.096983
496 0.565733 0.479526 0.157328 0.157328
496 0.497845 0.320043 0.176724 0.135776
186 0.307112 0.531250 0.105603 0.096983
186 0.443966 0.526940 0.081897 0.092672
186 0.301724 0.304957 0.112069 0.140086
186 0.366379 0.427802 0.051724 0.058190
186 0.426724 0.323276 0.068966 0.120690
186 0.579741 0.440733 0.056034 0.075431
