369 0.153367 0.472500 0.301746 0.470000
369 0.632170 0.796250 0.241895 0.302500
369 0.751870 0.388750 0.266833 0.272500
463 0.507481 0.592500 0.157107 0.145000
463 0.627182 0.217500 0.206983 0.130000
463 0.533666 0.376250 0.279302 0.147500
463 0.276808 0.678750 0.239401 0.162500
463 0.788030 0.741250 0.084788 0.137500
165 0.442643 0.255000 0.311721 0.155000
165 0.860349 0.497500 0.109726 0.175000
165 0.804239 0.741250 0.226933 0.267500
165 0.410224 0.778750 0.331671 0.302500
165 0.537406 0.498750 0.201995 0.092500
165 0.670823 0.680000 0.044888 0.160000
355 0.349127 0.511250 0.214464 0.227500
355 0.552369 0.153750 0.137157 0.117500
355 0.637157 0.486250 0.221945 0.067500
443 0.401496 0.848750 0.229426 0.182500
443 0.683292 0.598750 0.224439 0.147500
