208 0.674745 0.455243 0.130102 0.148338
208 0.155612 0.388747 0.265306 0.317136
208 0.350765 0.461637 0.130102 0.207161
322 0.229592 0.231458 0.392857 0.396419
322 0.665816 0.251918 0.341837 0.350384
322 0.840561 0.503836 0.211735 0.194373
322 0.610969 0.626598 0.201531 0.225064
464 0.293367 0.654731 0.474490 0.327366
464 0.508929 0.305627 0.237245 0.437340
464 0.752551 0.186701 0.193878 0.184143
464 0.211735 0.388747 0.127551 0.086957
464 0.672194 0.617647 0.135204 0.104859
176 0.896684 0.382353 0.155612 0.115090
176 0.673469 0.459079 0.127551 0.140665
