387 0.436224 0.397698 0.250000 0.452685
387 0.154337 0.310742 0.165816 0.150895
387 0.201531 0.616368 0.209184 0.230179
443 0.188776 0.441176 0.250000 0.171355
443 0.272959 0.260870 0.107143 0.127877
443 0.525510 0.227621 0.071429 0.035806
328 0.602041 0.196931 0.081633 0.066496
328 0.411990 0.234015 0.109694 0.074169
328 0.531888 0.386189 0.058673 0.046036
416 0.510204 0.300512 0.102041 0.115090
340 0.757653 0.450128 0.454082 0.378517
439 0.863520 0.511509 0.104592 0.097187
439 0.747449 0.497442 0.071429 0.048593
439 0.761480 0.373402 0.089286 0.076726
215 0.775510 0.539642 0.066327 0.071611
343 0.450255 0.806905 0.461735 0.350384
