82 0.419792 0.807292 0.347917 0.139583
82 0.360417 0.653125 0.366667 0.156250
147 0.307292 0.261458 0.272917 0.318750
147 0.654167 0.361458 0.370833 0.293750
147 0.389583 0.436458 0.212500 0.147917
147 0.547917 0.133333 0.183333 0.179167
147 0.760417 0.603125 0.120833 0.093750
475 0.456250 0.252083 0.408333 0.266667
475 0.463542 0.472917 0.147917 0.075000
475 0.664583 0.556250 0.058333 0.075000
475 0.736458 0.190625 0.156250 0.114583
475 0.288542 0.145833 0.085417 0.079167
475 0.590625 0.326042 0.039583 0.039583
475 0.587500 0.460417 0.045833 0.050000
116 0.604167 0.541667 0.070833 0.083333
116 0.703125 0.636458 0.060417 0.047917
116 0.200000 0.571875 0.050000 0.052083
116 0.816667 0.370833 0.058333 0.050000
