113 0.497845 0.754310 0.508621 0.267241
186 0.068966 0.602371 0.112069 0.101293
186 0.355603 0.348060 0.094828 0.114224
186 0.234914 0.556034 0.090517 0.094828
186 0.386853 0.650862 0.101293 0.125000
360 0.492457 0.321121 0.260776 0.422414
360 0.173491 0.363147 0.256466 0.187500
360 0.203664 0.650862 0.096983 0.137931
360 0.335129 0.515086 0.165948 0.060345
260 0.139009 0.529095 0.135776 0.153017
260 0.290948 0.391164 0.094828 0.092672
260 0.358836 0.459052 0.131466 0.129310
260 0.360991 0.563578 0.140086 0.062500
305 0.085129 0.439655 0.084052 0.081897
305 0.229526 0.221983 0.079741 0.146552
305 0.260776 0.475216 0.107759 0.058190
