70 0.415039 0.315789 0.662109 0.280702
70 0.527344 0.641326 0.746094 0.417154
464 0.334961 0.655945 0.166016 0.169591
464 0.514648 0.559454 0.185547 0.171540
464 0.707031 0.554581 0.191406 0.282651
145 0.426758 0.292398 0.587891 0.214425
145 0.513672 0.593567 0.667969 0.345029
496 0.319336 0.745614 0.490234 0.153996
496 0.295898 0.329435 0.357422 0.183236
496 0.683594 0.283626 0.144531 0.122807
496 0.595703 0.353801 0.125000 0.083821
496 0.860352 0.560429 0.080078 0.189084
236 0.305664 0.398635 0.310547 0.072125
236 0.395508 0.803119 0.240234 0.062378
