192 0.340399 0.337500 0.157107 0.130000
192 0.351621 0.627500 0.418953 0.220000
192 0.347880 0.468750 0.117207 0.087500
192 0.765586 0.672500 0.144638 0.125000
192 0.658354 0.485000 0.174564 0.260000
192 0.503741 0.410000 0.104738 0.135000
192 0.576060 0.237500 0.079800 0.085000
192 0.140898 0.381250 0.092269 0.117500
4 0.793017 0.478750 0.204489 0.257500
4 0.289277 0.330000 0.319202 0.365000
4 0.549875 0.586250 0.167082 0.282500
4 0.598504 0.745000 0.154613 0.080000
4 0.352868 0.741250 0.142145 0.087500
20 0.610973 0.281250 0.284289 0.222500
20 0.354115 0.497500 0.204489 0.160000
20 0.224439 0.650000 0.129676 0.185000
