387 0.627807 0.139957 0.239572 0.267094
387 0.223529 0.116453 0.438503 0.209402
387 0.422460 0.487714 0.414973 0.287393
387 0.910695 0.435363 0.155080 0.492521
387 0.419786 0.726496 0.831016 0.544872
185 0.496257 0.498932 0.983957 0.995726
185 0.754011 0.163996 0.218182 0.304487
185 0.306417 0.648504 0.433155 0.104701
185 0.397326 0.806090 0.244920 0.154915
185 0.314973 0.927350 0.110160 0.132479
185 0.057219 0.699786 0.110160 0.442308
464 0.490374 0.312500 0.170053 0.167735
464 0.160963 0.498932 0.172193 0.179487
464 0.372727 0.875000 0.129412 0.098291
