389 0.640244 0.332927 0.095122 0.097561
389 0.485976 0.770122 0.242683 0.113415
268 0.466463 0.871951 0.157317 0.097561
268 0.198780 0.642073 0.117073 0.147561
161 0.477439 0.262805 0.235366 0.137805
1 0.487195 0.367073 0.145122 0.112195
1 0.685366 0.351220 0.065854 0.085366
1 0.771951 0.558537 0.102439 0.095122
1 0.428659 0.616463 0.067073 0.030488
1 0.200610 0.553049 0.045122 0.052439
1 0.764024 0.715244 0.052439 0.047561
1 0.607927 0.854878 0.074390 0.068293
345 0.496951 0.565244 0.642683 0.567073
345 0.596341 0.402439 0.078049 0.068293
345 0.498171 0.506707 0.059756 0.040244
