408 0.437103 0.337992 0.500635 0.337992
408 0.644219 0.331004 0.129606 0.090216
408 0.823380 0.383736 0.147395 0.094028
408 0.494282 0.700127 0.355781 0.348158
337 0.521601 0.604193 0.194409 0.059720
337 0.337357 0.270013 0.059720 0.118170
337 0.345616 0.494917 0.101652 0.092757
337 0.672173 0.407878 0.180432 0.111817
337 0.504447 0.714740 0.060991 0.067344
337 0.189327 0.423761 0.030496 0.059720
337 0.367217 0.639771 0.030496 0.047014
337 0.602287 0.676620 0.020330 0.044473
337 0.615629 0.861499 0.052097 0.050826
439 0.673443 0.456163 0.182973 0.155019
439 0.282084 0.516518 0.175349 0.074968
439 0.378018 0.687421 0.108005 0.033037
439 0.499365 0.467598 0.099111 0.048285
439 0.563532 0.764295 0.062262 0.069886
439 0.362770 0.365311 0.052097 0.036849
439 0.398348 0.217916 0.031766 0.057179
