386 0.569825 0.266250 0.586035 0.337500
386 0.406484 0.575000 0.807980 0.680000
386 0.887781 0.631250 0.074813 0.147500
443 0.837905 0.442500 0.194514 0.235000
443 0.811721 0.691250 0.107232 0.117500
443 0.331671 0.200000 0.129676 0.065000
443 0.197007 0.420000 0.179551 0.235000
293 0.726933 0.486250 0.172070 0.152500
293 0.403990 0.413750 0.214464 0.277500
293 0.289277 0.543750 0.094763 0.097500
293 0.208229 0.611250 0.067332 0.092500
261 0.438903 0.351250 0.394015 0.227500
261 0.780549 0.582500 0.194514 0.165000
261 0.403990 0.443750 0.094763 0.112500
261 0.204489 0.445000 0.289277 0.170000
