369 0.218293 0.566463 0.402439 0.564634
110 0.800610 0.422561 0.242683 0.362195
110 0.470732 0.390244 0.097561 0.092683
110 0.604878 0.743902 0.304878 0.270732
442 0.610976 0.314024 0.302439 0.250000
442 0.550610 0.539024 0.342683 0.200000
442 0.428049 0.760366 0.107317 0.071951
442 0.668902 0.755488 0.054878 0.037805
442 0.720732 0.838415 0.058537 0.059756
442 0.888415 0.388415 0.071951 0.150000
330 0.523171 0.229878 0.278049 0.142683
330 0.553049 0.310366 0.076829 0.062195
330 0.728049 0.297561 0.087805 0.082927
330 0.664024 0.364024 0.040244 0.069512
330 0.859146 0.281098 0.054878 0.045122
330 0.826829 0.396341 0.075610 0.114634
330 0.588415 0.422561 0.128049 0.086585
330 0.442073 0.473780 0.074390 0.059756
330 0.540854 0.585366 0.067073 0.182927
330 0.398171 0.647561 0.067073 0.158537
330 0.748171 0.673780 0.096341 0.235366
133 0.725610 0.215244 0.121951 0.067073
133 0.873171 0.622561 0.126829 0.237805
