93 0.321832 0.584171 0.299875 0.201005
93 0.432873 0.228643 0.077792 0.065327
93 0.621079 0.525126 0.057716 0.042714
93 0.875784 0.555276 0.062735 0.072864
93 0.745295 0.600503 0.107905 0.148241
93 0.374529 0.781407 0.094103 0.065327
93 0.252196 0.232412 0.160602 0.067839
97 0.032622 0.582915 0.057716 0.087940
97 0.429109 0.719221 0.115433 0.084171
97 0.624216 0.396357 0.094103 0.084171
97 0.879548 0.418342 0.085320 0.060302
310 0.733375 0.440327 0.232120 0.172111
310 0.257842 0.530151 0.277290 0.128141
310 0.469260 0.357412 0.250941 0.091709
