93 0.148055 0.531407 0.203262 0.140704
93 0.079046 0.211055 0.115433 0.045226
93 0.679423 0.502513 0.219573 0.193467
93 0.760351 0.281407 0.117942 0.085427
93 0.923463 0.396357 0.107905 0.089196
93 0.884567 0.730528 0.090339 0.121859
93 0.587202 0.329146 0.075282 0.055276
93 0.414053 0.238693 0.055207 0.040201
93 0.501882 0.160804 0.070263 0.040201
97 0.388959 0.511307 0.100376 0.065327
97 0.321832 0.409548 0.109159 0.087940
97 0.111669 0.364950 0.130489 0.071608
97 0.616688 0.584171 0.114178 0.055276
97 0.897114 0.623116 0.130489 0.118090
97 0.336888 0.229899 0.084065 0.133166
310 0.330615 0.606784 0.196989 0.145729
310 0.604768 0.689070 0.075282 0.069095
310 0.789210 0.850503 0.055207 0.062814
310 0.638018 0.876884 0.101631 0.095477
