386 0.501829 0.421341 0.940244 0.410976
386 0.460366 0.911585 0.442683 0.169512
386 0.510976 0.575000 0.517073 0.432927
386 0.302439 0.782927 0.195122 0.178049
464 0.930488 0.559756 0.126829 0.197561
464 0.296951 0.517683 0.289024 0.223171
464 0.582927 0.654268 0.078049 0.064634
464 0.529268 0.791463 0.124390 0.114634
464 0.764634 0.547561 0.129268 0.097561
464 0.723171 0.804878 0.087805 0.102439
161 0.112195 0.725000 0.214634 0.167073
161 0.462195 0.472561 0.195122 0.081707
161 0.618293 0.726829 0.107317 0.095122
161 0.839634 0.825610 0.220732 0.192683
161 0.196951 0.507317 0.106098 0.121951
161 0.195732 0.400000 0.091463 0.092683
161 0.803049 0.393902 0.137805 0.070732
4 0.536585 0.368902 0.219512 0.140244
4 0.890244 0.693902 0.092683 0.075610
4 0.816463 0.706707 0.059756 0.059756
