256 0.639651 0.570000 0.236908 0.300000
256 0.341646 0.237500 0.174564 0.305000
256 0.115960 0.136250 0.107232 0.032500
256 0.081047 0.582500 0.147132 0.110000
256 0.079800 0.751250 0.059850 0.077500
256 0.547382 0.887500 0.441397 0.195000
256 0.183292 0.902500 0.197007 0.145000
256 0.801746 0.731250 0.226933 0.202500
442 0.216958 0.228750 0.139651 0.247500
442 0.033666 0.191250 0.067332 0.092500
442 0.483791 0.140000 0.084788 0.085000
442 0.523691 0.285000 0.099751 0.090000
442 0.351621 0.507500 0.319202 0.295000
442 0.422693 0.776250 0.526185 0.437500
442 0.042394 0.675000 0.069825 0.080000
442 0.916459 0.560000 0.057357 0.075000
442 0.723192 0.636250 0.194514 0.132500
93 0.022444 0.383750 0.039900 0.157500
93 0.145885 0.627500 0.152120 0.260000
93 0.968828 0.796250 0.047382 0.157500
