432 0.392086 0.470800 0.767986 0.894879
432 0.826439 0.653190 0.305755 0.440252
35 0.589928 0.708446 0.467626 0.304582
35 0.219874 0.376011 0.232914 0.245283
35 0.432104 0.263702 0.067446 0.175202
35 0.290917 0.714735 0.209532 0.193172
186 0.273381 0.327044 0.185252 0.203055
186 0.375899 0.362084 0.070144 0.052111
186 0.532374 0.265948 0.071942 0.104223
11 0.194694 0.637017 0.151978 0.247978
479 0.780126 0.542228 0.142986 0.148248
479 0.686601 0.777179 0.175360 0.138365
432 0.519335 0.488769 0.930755 0.876909
35 0.624101 0.668464 0.435252 0.402516
35 0.221223 0.687332 0.165468 0.215633
186 0.256745 0.318958 0.189748 0.197664
479 0.680755 0.774933 0.212230 0.135669
479 0.793165 0.544924 0.167266 0.150045
