255 0.072527 0.538462 0.136264 0.263736
255 0.502198 0.303297 0.507692 0.457143
255 0.503297 0.772527 0.545055 0.437363
289 0.094505 0.612088 0.039560 0.054945
289 0.240659 0.691209 0.331868 0.410989
337 0.134066 0.639560 0.175824 0.202198
337 0.368132 0.318681 0.076923 0.175824
337 0.138462 0.381319 0.070330 0.081319
337 0.508791 0.621978 0.046154 0.065934
337 0.451648 0.703297 0.081319 0.057143
268 0.430769 0.504396 0.567033 0.257143
268 0.801099 0.748352 0.107692 0.112088
268 0.475824 0.835165 0.116484 0.136264
