70 0.415725 0.336074 0.817061 0.552929
70 0.446557 0.823227 0.685509 0.312436
162 0.806783 0.418294 0.339157 0.232271
162 0.691675 0.192189 0.215827 0.269270
162 0.473279 0.254368 0.167523 0.144913
162 0.504111 0.415725 0.134635 0.122302
162 0.326310 0.435766 0.109969 0.102775
236 0.453237 0.469681 0.472765 0.230216
236 0.570401 0.171120 0.082220 0.072970
249 0.810380 0.583762 0.297020 0.267215
305 0.215313 0.308839 0.377184 0.307297
439 0.464543 0.358684 0.324769 0.441932
271 0.379239 0.895683 0.244604 0.087359
