369 0.491345 0.639333 0.982690 0.716000
95 0.290945 0.567333 0.070573 0.105333
95 0.934754 0.652000 0.127830 0.090667
95 0.835553 0.884000 0.115846 0.122667
95 0.461385 0.686000 0.097204 0.052000
361 0.126498 0.508000 0.122503 0.218667
361 0.219041 0.432000 0.113182 0.045333
361 0.198402 0.779333 0.245007 0.134667
361 0.353529 0.580667 0.065246 0.113333
361 0.380160 0.740667 0.145140 0.113333
361 0.636485 0.543333 0.117177 0.137333
361 0.667776 0.674667 0.059920 0.074667
361 0.679095 0.769333 0.093209 0.080000
361 0.860186 0.800000 0.039947 0.069333
361 0.898136 0.574000 0.081225 0.065333
361 0.804261 0.448000 0.042610 0.066667
435 0.713049 0.322667 0.544607 0.573333
