464 0.748130 0.682500 0.478803 0.505000
464 0.519950 0.088750 0.162095 0.177500
464 0.276808 0.146250 0.244389 0.157500
464 0.088529 0.310000 0.172070 0.225000
464 0.234414 0.531250 0.249377 0.137500
464 0.312968 0.693750 0.301746 0.312500
289 0.183292 0.661250 0.197007 0.232500
289 0.637157 0.587500 0.695761 0.655000
289 0.756858 0.243750 0.201995 0.132500
289 0.660848 0.108750 0.179551 0.187500
289 0.415212 0.068750 0.147132 0.127500
289 0.476309 0.222500 0.219451 0.225000
289 0.246883 0.363750 0.319202 0.337500
22 0.253117 0.428750 0.451372 0.467500
22 0.445137 0.135000 0.082294 0.100000
22 0.617207 0.243750 0.187032 0.207500
22 0.866584 0.287500 0.087282 0.135000
22 0.639651 0.587500 0.107232 0.235000
22 0.864090 0.655000 0.092269 0.085000
18 0.795511 0.531250 0.179551 0.167500
18 0.452618 0.228750 0.172070 0.117500
18 0.220698 0.633750 0.097257 0.117500
18 0.680798 0.773750 0.428928 0.122500
