386 0.245117 0.255859 0.408203 0.281250
386 0.525391 0.774414 0.347656 0.283203
345 0.409180 0.631836 0.224609 0.173828
464 0.203125 0.743164 0.109375 0.138672
464 0.627930 0.587891 0.103516 0.093750
368 0.662109 0.382812 0.101562 0.078125
368 0.226562 0.374023 0.125000 0.142578
368 0.050781 0.526367 0.085938 0.115234
35 0.185547 0.633789 0.285156 0.373047
35 0.387695 0.401367 0.572266 0.259766
116 0.368164 0.506836 0.169922 0.208984
116 0.281250 0.623047 0.101562 0.078125
225 0.744141 0.221680 0.230469 0.240234
