464 0.649626 0.408750 0.142145 0.157500
464 0.433915 0.578750 0.264339 0.162500
35 0.381546 0.333750 0.099751 0.127500
116 0.557357 0.375000 0.067332 0.085000
116 0.401496 0.445000 0.124688 0.160000
116 0.359102 0.820000 0.114713 0.175000
116 0.739401 0.683750 0.132170 0.122500
24 0.907731 0.466250 0.109726 0.112500
24 0.710723 0.763750 0.154613 0.117500
24 0.335411 0.422500 0.122195 0.090000
24 0.502494 0.747500 0.142145 0.070000
24 0.620948 0.367500 0.099751 0.185000
345 0.481297 0.335000 0.084788 0.100000
368 0.537406 0.425000 0.162095 0.135000
289 0.600998 0.255000 0.159601 0.125000
386 0.335411 0.466250 0.660848 0.827500
