161 0.596480 0.582138 0.762712 0.595828
161 0.082138 0.390482 0.130378 0.142112
161 0.151890 0.713820 0.149935 0.212516
464 0.567797 0.792047 0.144720 0.089961
464 0.483703 0.563233 0.132986 0.138201
464 0.696219 0.229465 0.357236 0.234681
464 0.293351 0.279661 0.172099 0.105606
464 0.221643 0.485658 0.372881 0.272490
464 0.542373 0.433507 0.140808 0.152542
464 0.406128 0.662321 0.113429 0.070404
464 0.878748 0.468709 0.198175 0.147327
464 0.919817 0.675359 0.100391 0.112125
305 0.404824 0.166884 0.215124 0.080834
305 0.411343 0.492829 0.092568 0.112125
305 0.602999 0.663625 0.089961 0.057366
215 0.621252 0.121904 0.152542 0.139505
215 0.838983 0.500000 0.142112 0.095176
215 0.134941 0.347458 0.089961 0.089961
42 0.204042 0.595828 0.282920 0.268579
42 0.222947 0.365711 0.065189 0.113429
42 0.461538 0.256845 0.166884 0.114733
42 0.761408 0.204694 0.117340 0.109518
42 0.737288 0.617340 0.204694 0.139505
42 0.896349 0.436767 0.076923 0.104302
42 0.473924 0.660365 0.087353 0.102999
197 0.108866 0.674055 0.071708 0.070404
197 0.429596 0.831160 0.144720 0.092568
35 0.350065 0.538462 0.056063 0.052151
35 0.528683 0.151239 0.102999 0.127771
35 0.587353 0.785528 0.089961 0.092568
