369 0.102244 0.408750 0.194514 0.242500
369 0.578554 0.161250 0.144638 0.112500
116 0.234414 0.343750 0.319202 0.327500
116 0.527431 0.662500 0.521197 0.425000
116 0.158354 0.735000 0.301746 0.260000
116 0.829177 0.307500 0.117207 0.165000
116 0.930175 0.565000 0.064838 0.090000
306 0.852868 0.493750 0.284289 0.442500
306 0.556110 0.267500 0.458853 0.355000
94 0.423940 0.807500 0.299252 0.200000
94 0.103491 0.592500 0.182045 0.185000
94 0.869077 0.685000 0.067332 0.110000
94 0.799252 0.227500 0.062344 0.085000
94 0.640898 0.475000 0.134663 0.095000
305 0.473815 0.641250 0.124688 0.132500
305 0.305486 0.457500 0.197007 0.155000
