268 0.496259 0.113750 0.324190 0.222500
268 0.801746 0.861250 0.157107 0.147500
268 0.150873 0.835000 0.162095 0.240000
268 0.483791 0.745000 0.124688 0.095000
268 0.407731 0.927500 0.147132 0.095000
112 0.667082 0.858750 0.241895 0.272500
112 0.334165 0.778750 0.124688 0.147500
364 0.253117 0.911250 0.127182 0.162500
364 0.265586 0.176250 0.192020 0.162500
364 0.927681 0.517500 0.114713 0.135000
305 0.258105 0.580000 0.476309 0.795000
412 0.496259 0.606250 0.359102 0.202500
118 0.092269 0.662500 0.159601 0.230000
