186 0.449353 0.343750 0.437500 0.187500
186 0.620690 0.587284 0.090517 0.174569
186 0.286638 0.616379 0.094828 0.155172
464 0.446121 0.061422 0.112069 0.109914
464 0.464440 0.283405 0.109914 0.109914
464 0.717672 0.316810 0.094828 0.103448
464 0.322198 0.657328 0.368534 0.642241
464 0.631466 0.689655 0.099138 0.094828
161 0.452586 0.544181 0.250000 0.170259
161 0.446121 0.167026 0.254310 0.226293
161 0.338362 0.803879 0.306034 0.215517
215 0.201509 0.567888 0.114224 0.058190
215 0.414871 0.479526 0.092672 0.131466
215 0.212284 0.119612 0.084052 0.071121
215 0.362069 0.220905 0.163793 0.118534
215 0.578664 0.435345 0.105603 0.137931
215 0.544181 0.599138 0.075431 0.094828
