196 0.453664 0.506466 0.782328 0.866379
442 0.372845 0.641164 0.521552 0.489224
442 0.451509 0.267241 0.437500 0.383621
36 0.522629 0.758621 0.476293 0.185345
36 0.730603 0.306034 0.120690 0.099138
36 0.339440 0.327586 0.096983 0.103448
36 0.641164 0.471983 0.153017 0.168103
294 0.498922 0.230603 0.096983 0.094828
294 0.707974 0.223060 0.062500 0.122845
294 0.272629 0.307112 0.118534 0.221983
294 0.533405 0.457974 0.204741 0.221983
294 0.554957 0.674569 0.174569 0.202586
294 0.271552 0.576509 0.129310 0.174569
434 0.711207 0.595905 0.150862 0.209052
434 0.413793 0.297414 0.387931 0.172414
434 0.199353 0.734914 0.221983 0.137931
434 0.586207 0.804957 0.086207 0.088362
149 0.508621 0.480603 0.116379 0.064655
