213 0.521595 0.472868 0.775194 0.852713
213 0.151163 0.518826 0.284607 0.479513
364 0.287929 0.104097 0.192691 0.119601
364 0.306202 0.261351 0.359911 0.230343
364 0.787929 0.420266 0.417497 0.472868
364 0.480066 0.588040 0.127353 0.157254
364 0.397564 0.731451 0.172757 0.114064
464 0.472868 0.936877 0.212625 0.115172
464 0.371539 0.481728 0.200443 0.174972
24 0.931340 0.531561 0.115172 0.099668
24 0.748062 0.245293 0.087486 0.067553
24 0.703765 0.761351 0.114064 0.085271
293 0.213732 0.784053 0.199336 0.135105
293 0.782392 0.676080 0.162791 0.204873
293 0.354928 0.260244 0.107420 0.117386
