355 0.480769 0.206731 0.365385 0.250000
161 0.201923 0.489904 0.373077 0.454808
161 0.432212 0.839904 0.347115 0.220192
161 0.503365 0.250962 0.139423 0.092308
96 0.204327 0.170673 0.222115 0.247115
96 0.383173 0.533173 0.510577 0.477885
96 0.857212 0.439423 0.147115 0.375000
96 0.448077 0.950962 0.140385 0.092308
96 0.726923 0.856731 0.201923 0.200000
496 0.355769 0.732212 0.465385 0.354808
496 0.733173 0.434615 0.395192 0.415385
496 0.844231 0.783173 0.157692 0.187500
223 0.262981 0.828365 0.254808 0.227885
223 0.669712 0.583654 0.577885 0.467308
