161 0.494898 0.090793 0.219388 0.150895
161 0.190051 0.149616 0.063776 0.099744
161 0.382653 0.459079 0.668367 0.682864
464 0.373724 0.122762 0.073980 0.132992
464 0.275510 0.231458 0.091837 0.130435
464 0.544643 0.189258 0.073980 0.122762
464 0.545918 0.421995 0.071429 0.076726
464 0.577806 0.663683 0.114796 0.109974
464 0.195153 0.750639 0.145408 0.104859
464 0.211735 0.636829 0.051020 0.071611
464 0.056122 0.611253 0.051020 0.086957
434 0.176020 0.323529 0.198980 0.217391
434 0.354592 0.695652 0.117347 0.179028
434 0.631378 0.314578 0.073980 0.112532
434 0.044643 0.677749 0.089286 0.086957
434 0.144133 0.125320 0.073980 0.081841
434 0.377551 0.278772 0.132653 0.138107
