317 0.527431 0.493750 0.900249 0.977500
317 0.761845 0.488750 0.351621 0.252500
317 0.726933 0.358750 0.172070 0.172500
317 0.635910 0.786250 0.249377 0.257500
317 0.650873 0.316250 0.079800 0.107500
464 0.395262 0.856250 0.391521 0.262500
286 0.335411 0.831250 0.231920 0.307500
286 0.254364 0.480000 0.124688 0.120000
285 0.182045 0.813750 0.179551 0.367500
442 0.138404 0.583750 0.087282 0.112500
442 0.435162 0.318750 0.057357 0.047500
442 0.301746 0.220000 0.079800 0.085000
305 0.719451 0.522500 0.536160 0.850000
305 0.755611 0.486250 0.329177 0.297500
305 0.745636 0.356250 0.204489 0.142500
305 0.635910 0.743750 0.249377 0.272500
305 0.618454 0.210000 0.084788 0.075000
305 0.537406 0.348750 0.057357 0.112500
93 0.124688 0.507500 0.099751 0.165000
161 0.351621 0.482500 0.169576 0.320000
