364 0.486765 0.497551 0.946078 0.889324
442 0.243137 0.627326 0.362745 0.349657
442 0.436765 0.246327 0.214706 0.112635
442 0.605882 0.131244 0.107843 0.117532
442 0.430392 0.863369 0.268627 0.212537
442 0.786765 0.392262 0.159804 0.230167
442 0.552941 0.452498 0.192157 0.154750
442 0.887255 0.653771 0.080392 0.096964
442 0.769608 0.805093 0.129412 0.144956
464 0.731863 0.239471 0.179412 0.185113
464 0.495588 0.479922 0.202941 0.415279
464 0.153922 0.649853 0.280392 0.435847
464 0.774510 0.614594 0.309804 0.394711
161 0.651961 0.708619 0.209804 0.357493
161 0.751961 0.371205 0.100000 0.117532
161 0.561765 0.380020 0.080392 0.125367
161 0.528922 0.173849 0.104902 0.102840
