364 0.450595 0.316071 0.175000 0.225000
364 0.307143 0.317857 0.157143 0.242857
364 0.183333 0.596429 0.214286 0.164286
161 0.602976 0.413095 0.610714 0.552381
161 0.392262 0.137500 0.127381 0.163095
161 0.792262 0.495238 0.117857 0.102381
161 0.242857 0.701786 0.190476 0.125000
116 0.495238 0.463095 0.054762 0.097619
116 0.652381 0.541667 0.152381 0.159524
116 0.108929 0.532738 0.177381 0.277381
116 0.630357 0.283929 0.065476 0.079762
116 0.481548 0.126786 0.072619 0.075000
116 0.790476 0.629167 0.100000 0.075000
116 0.916667 0.429167 0.092857 0.070238
35 0.355952 0.582738 0.095238 0.117857
35 0.234524 0.382738 0.102381 0.091667
35 0.460714 0.733929 0.235714 0.155952
35 0.285714 0.260119 0.104762 0.077381
35 0.101786 0.714881 0.082143 0.113095
35 0.724405 0.569048 0.091667 0.059524
93 0.877381 0.538095 0.147619 0.202381
93 0.727976 0.796429 0.189286 0.254762
93 0.382143 0.232143 0.142857 0.147619
93 0.309524 0.857738 0.238095 0.177381
