386 0.645698 0.240278 0.469935 0.452778
386 0.512026 0.840278 0.502313 0.317593
386 0.161887 0.440278 0.212766 0.252778
214 0.547179 0.211574 0.332100 0.139815
214 0.615634 0.605093 0.215541 0.558333
214 0.218316 0.562500 0.244218 0.217593
464 0.275671 0.255093 0.220167 0.212037
464 0.327937 0.663889 0.195190 0.255556
464 0.723404 0.563889 0.270120 0.235185
413 0.421832 0.486574 0.392229 0.550926
161 0.144311 0.367593 0.142461 0.133333
161 0.258094 0.382870 0.085106 0.062037
161 0.742368 0.354167 0.082331 0.180556
