388 0.138672 0.440430 0.269531 0.255859
388 0.645508 0.318359 0.271484 0.273438
225 0.520508 0.695312 0.720703 0.535156
172 0.496094 0.795898 0.429688 0.396484
103 0.246094 0.174805 0.339844 0.298828
103 0.657227 0.103516 0.185547 0.203125
103 0.873047 0.468750 0.246094 0.609375
103 0.202148 0.613281 0.322266 0.324219
162 0.394531 0.413086 0.160156 0.130859
162 0.477539 0.047852 0.111328 0.072266
162 0.762695 0.146484 0.119141 0.144531
162 0.927734 0.677734 0.128906 0.167969
162 0.581055 0.937500 0.072266 0.121094
162 0.035156 0.523438 0.050781 0.066406
464 0.439453 0.454102 0.078125 0.080078
464 0.331055 0.383789 0.087891 0.060547
464 0.923828 0.422852 0.117188 0.134766
