93 0.225135 0.722222 0.408635 0.279321
93 0.784888 0.703704 0.206631 0.266975
287 0.878566 0.527392 0.239784 0.560957
287 0.553585 0.693673 0.249807 0.378086
287 0.095991 0.618827 0.190439 0.092593
287 0.293369 0.349537 0.070162 0.084877
110 0.538551 0.315972 0.315343 0.357253
110 0.166924 0.423611 0.312259 0.266975
412 0.191981 0.418596 0.222051 0.131944
412 0.848111 0.397377 0.185042 0.245370
412 0.193524 0.780093 0.345412 0.149691
412 0.905937 0.728781 0.169622 0.097994
372 0.537008 0.549769 0.642251 0.690586
