176 0.274332 0.467415 0.283422 0.392094
464 0.636898 0.523504 0.403209 0.500000
464 0.714439 0.776709 0.057754 0.085470
161 0.639572 0.292735 0.113369 0.061966
161 0.788770 0.559295 0.259893 0.404915
161 0.425668 0.687500 0.064171 0.137821
161 0.451872 0.475427 0.052406 0.042735
161 0.504278 0.786325 0.078075 0.070513
289 0.650802 0.443910 0.140107 0.144231
289 0.781283 0.291132 0.125134 0.125000
289 0.494652 0.329060 0.097326 0.070513
289 0.604813 0.690171 0.112299 0.188034
289 0.469519 0.745192 0.083422 0.052350
289 0.464171 0.601496 0.062032 0.160256
289 0.762032 0.559829 0.067380 0.087607
289 0.877540 0.705128 0.063102 0.106838
364 0.593583 0.654380 0.085561 0.095085
364 0.673262 0.732906 0.069519 0.072650
364 0.794652 0.571581 0.087701 0.070513
364 0.835829 0.399038 0.095187 0.080128
368 0.882353 0.594017 0.047059 0.055556
368 0.539572 0.421474 0.097326 0.080128
384 0.580749 0.816239 0.190374 0.085470
