110 0.293457 0.857422 0.247070 0.224609
110 0.879883 0.229492 0.205078 0.169922
110 0.715820 0.719727 0.318359 0.195312
110 0.209473 0.434570 0.094727 0.125000
94 0.778320 0.569824 0.091797 0.165039
94 0.805664 0.370117 0.072266 0.099609
94 0.721680 0.192383 0.115234 0.089844
94 0.287109 0.288574 0.279297 0.198242
94 0.517090 0.747559 0.139648 0.290039
94 0.579590 0.399414 0.069336 0.080078
94 0.257324 0.647461 0.245117 0.125000
369 0.503418 0.448730 0.692383 0.592773
176 0.682129 0.404785 0.059570 0.104492
