386 0.672276 0.845353 0.594551 0.229167
386 0.189904 0.459135 0.341346 0.357372
386 0.697115 0.333333 0.519231 0.381410
369 0.147436 0.822917 0.285256 0.325321
369 0.898237 0.615385 0.190705 0.320513
369 0.608974 0.133814 0.371795 0.161859
215 0.502404 0.482372 0.232372 0.304487
215 0.295673 0.657853 0.110577 0.091346
215 0.434295 0.782853 0.102564 0.145833
215 0.717147 0.838141 0.097756 0.115385
439 0.368590 0.295673 0.317308 0.254808
439 0.403846 0.620192 0.272436 0.214744
439 0.673077 0.626603 0.169872 0.317308
