442 0.708445 0.417450 0.256032 0.410738
255 0.377346 0.754362 0.253351 0.314094
161 0.342493 0.296644 0.355228 0.252349
355 0.376005 0.522819 0.272118 0.208054
475 0.159517 0.660403 0.262735 0.362416
75 0.286863 0.593960 0.112601 0.186577
34 0.549598 0.385906 0.136729 0.165101
34 0.546917 0.164430 0.257373 0.097987
464 0.489276 0.256376 0.217158 0.144966
464 0.398123 0.416107 0.080429 0.034899
464 0.227212 0.432215 0.087131 0.102013
186 0.405496 0.194631 0.175603 0.107383
186 0.306971 0.388591 0.077748 0.114094
97 0.607239 0.725503 0.332440 0.438926
