386 0.479492 0.530273 0.849609 0.900391
464 0.427246 0.932617 0.045898 0.023438
464 0.816406 0.295410 0.080078 0.065430
464 0.622070 0.252441 0.087891 0.053711
442 0.800781 0.383789 0.142578 0.160156
442 0.489746 0.490234 0.059570 0.052734
442 0.208496 0.370117 0.137695 0.082031
464 0.843262 0.288086 0.077148 0.062500
464 0.620605 0.247559 0.127930 0.083008
464 0.807129 0.734375 0.104492 0.125000
464 0.439453 0.927734 0.095703 0.107422
161 0.541992 0.559082 0.140625 0.104492
161 0.487305 0.800293 0.080078 0.118164
161 0.504883 0.102539 0.160156 0.142578
496 0.102051 0.479980 0.129883 0.157227
