388 0.205078 0.645996 0.164062 0.170898
388 0.338867 0.635742 0.119141 0.207031
162 0.421875 0.668945 0.125000 0.255859
230 0.530762 0.644531 0.151367 0.246094
218 0.399414 0.774414 0.232422 0.447266
414 0.135742 0.434082 0.189453 0.217773
414 0.430664 0.380371 0.195312 0.165039
190 0.706055 0.377930 0.349609 0.320312
183 0.327148 0.236816 0.197266 0.217773
403 0.735352 0.606934 0.294922 0.297852
219 0.664551 0.801758 0.237305 0.097656
161 0.244629 0.407715 0.122070 0.209961
161 0.417969 0.440430 0.179688 0.125000
52 0.574219 0.583496 0.142578 0.174805
