464 0.459961 0.767578 0.117188 0.148438
464 0.228027 0.593262 0.147461 0.122070
464 0.603516 0.533203 0.175781 0.191406
464 0.375488 0.316406 0.022461 0.005859
386 0.475586 0.549316 0.685547 0.549805
386 0.248535 0.477051 0.299805 0.264648
42 0.166992 0.489258 0.078125 0.089844
42 0.364258 0.388184 0.097656 0.057617
42 0.523438 0.491699 0.125000 0.200195
42 0.614258 0.566895 0.117188 0.069336
469 0.264160 0.582031 0.147461 0.150391
469 0.486816 0.416992 0.272461 0.275391
469 0.554688 0.799316 0.171875 0.139648
